288 2319
288 2074
288 2061
288 1603
288 1562
285 3310
285 2231
285 2522
285 1688
285 1648
14 143
14 147
14 126
14 115
14 94
156 1438
156 1338
156 1381
156 926
156 690
178 1482
178 1334
178 1518
178 864
178 717
201 2016
201 1650
201 1852
201 967
201 1004
196 1837
196 1434
196 1612
196 1156
196 1014
162 1435
162 1130
162 1411
162 770
162 651
97 781
97 724
97 770
97 547
97 517
71 609
71 616
71 529
71 450
71 356
293 2676
293 1982
293 2121
293 1326
293 1242
289 2789
289 2382
289 2603
289 1747
289 1449
6 70
6 55
6 71
6 61
6 47
143 1180
143 1101
143 1260
143 691
143 575
32 227
32 278
32 208
32 168
32 159
223 2025
223 1836
223 2282
223 1224
223 1269
12 142
12 168
12 168
12 112
12 84
189 1428
189 1371
189 1392
189 719
189 569
154 1458
154 1239
154 1155
154 1020
154 883
76 669
76 532
76 541
76 456
76 348
111 1064
111 924
111 896
111 784
111 705
288 2733
288 2343
288 2186
288 1821
288 1519
232 2120
232 1808
232 2092
232 1333
232 1173
248 2314
248 2242
248 2279
248 1192
248 976
275 2661
275 2077
275 2080
275 1357
275 1252
28 194
28 275
28 218
28 186
28 142
187 1732
187 1588
187 1992
187 1006
187 871
93 828
93 741
93 697
93 691
93 547
11 142
11 161
11 148
11 110
11 89
3 48
3 57
3 40
3 48
3 48
94 867
94 704
94 755
94 501
94 413
22 141
22 194
22 149
22 89
22 82
30 237
30 250
30 236
30 160
30 147
2 33
2 40
2 26
2 33
2 26
32 303
32 170
32 276
32 163
32 189
224 2338
224 1929
224 2006
224 1379
224 1423
169 1540
169 1158
169 1308
169 1001
169 889
184 1713
184 1478
184 1577
184 679
184 934
274 2481
274 2125
274 1924
274 1555
274 1399
57 474
57 397
57 403
57 295
57 255
297 3154
297 2563
297 2734
297 1522
297 1393
83 846
83 730
83 700
83 543
83 477
165 1377
165 1188
165 1447
165 775
165 734
12 112
12 124
12 124
12 103
12 89
258 2348
258 1922
258 2375
258 1154
258 1117
97 959
97 771
97 919
97 448
97 458
158 1452
158 1288
158 1610
158 801
158 681
188 1667
188 1571
188 1626
188 1087
188 976
140 1209
140 937
140 934
140 691
140 629
279 3025
279 1959
279 2303
279 1761
279 1633
278 2999
278 2579
278 2130
278 1997
278 1848
49 385
49 326
49 285
49 260
49 254
49 547
49 334
49 400
49 320
49 318
52 295
52 371
52 303
52 225
52 156
155 1098
155 1228
155 1347
155 806
155 698
54 502
54 391
54 442
54 259
54 258
142 1337
142 1273
142 1231
142 765
142 637
299 2614
299 2745
299 2356
299 1672
299 1406
64 553
64 521
64 593
64 317
64 290
280 3023
280 2630
280 2246
280 1751
280 1714
235 2664
235 1858
235 2094
235 1491
235 1530
89 698
89 596
89 632
89 526
89 457
142 1061
142 1174
142 1101
142 696
142 558
67 573
67 437
67 424
67 433
67 367
172 2013
172 1659
172 1827
172 1211
172 1027
189 1833
189 1395
189 1395
189 826
189 755
118 1027
118 933
118 893
118 806
118 649
281 2390
281 2295
281 1852
281 1313
281 1364
73 611
73 631
73 548
73 417
73 404
95 934
95 685
95 712
95 542
95 521
269 2559
269 2291
269 2498
269 1740
269 1674
32 236
32 198
32 214
32 171
32 133
228 2299
228 1793
228 1729
228 1219
228 1179
26 207
26 183
26 192
26 180
26 146
118 1215
118 840
118 911
118 653
118 677
204 1881
204 1325
204 1679
204 1130
204 1012
31 228
31 275
31 272
31 214
31 178
33 302
33 366
33 376
33 232
33 167
179 1459
179 1299
179 1359
179 948
179 838
95 865
95 660
95 716
95 595
95 536
96 841
96 774
96 818
96 493
96 462
177 1638
177 1613
177 1636
177 1144
177 998
169 1462
169 1391
169 1434
169 832
169 669
10 89
10 110
10 117
10 75
10 61
242 2408
242 1569
242 1888
242 1561
242 1419
227 2260
227 1897
227 1968
227 1451
227 1313
235 2364
235 1729
235 1690
235 1331
235 1213
4 77
4 71
4 78
4 54
4 64
158 1213
158 1207
158 1307
158 817
158 690
32 318
32 259
32 250
32 217
32 220
39 368
39 322
39 370
39 232
39 212
227 2462
227 1905
227 2363
227 1448
227 1217
241 2275
241 1995
241 1949
241 1402
241 1153
137 987
137 986
137 937
137 514
137 508
158 1369
158 1275
158 1496
158 878
158 795
32 295
32 264
32 206
32 208
32 228
76 534
76 459
76 487
76 330
76 284
206 2029
206 1610
206 1848
206 1123
206 1030
30 251
30 308
30 275
30 160
30 132
294 2949
294 2290
294 2687
294 1670
294 1424
68 640
68 591
68 603
68 402
68 345
231 1989
231 1811
231 2064
231 1068
231 982
292 2693
292 2693
292 2629
292 1491
292 1231
175 1588
175 1505
175 1532
175 752
175 729
297 3164
297 2155
297 2393
297 1777
297 1694
177 1505
177 1272
177 1369
177 811
177 727
40 343
40 308
40 286
40 265
40 193
244 2715
244 1875
244 2055
244 1503
244 1525
25 191
25 168
25 204
25 148
25 110
80 688
80 563
80 588
80 332
80 321
77 656
77 594
77 586
77 433
77 355
236 1985
236 2149
236 2143
236 1156
236 1079
56 471
56 391
56 407
56 231
56 225
250 2270
250 2235
250 2053
250 1451
250 1242
160 1264
160 1202
160 1161
160 973
160 851
133 1285
133 1090
133 902
133 772
133 779
293 2981
293 2058
293 2282
293 1344
293 1350
40 341
40 270
40 277
40 234
40 201
199 2460
199 1679
199 1974
199 1375
199 1226
179 1677
179 1598
179 1701
179 922
179 887
19 166
19 151
19 175
19 139
19 124
176 1355
176 1294
176 1489
176 703
176 653
101 889
101 843
101 899
101 570
101 476
34 251
34 217
34 223
34 202
34 158
208 2003
208 1647
208 1472
208 1321
208 1097
33 240
33 190
33 223
33 200
33 156
225 1675
225 1610
225 1591
225 1063
225 898
258 3344
258 2291
258 2611
258 1582
258 1766
238 2368
238 1986
238 1967
238 1603
238 1419
133 1004
133 904
133 935
133 668
133 587
162 1418
162 1249
162 1100
162 854
162 890
83 723
83 557
83 680
83 373
83 365
290 2602
290 2369
290 1936
290 1697
290 1500
243 2280
243 2321
243 2436
243 1308
243 1189
37 210
37 250
37 270
37 127
37 143
143 1522
143 1257
143 1357
143 956
143 834
183 1560
183 1442
183 1573
183 890
183 722
191 1462
191 1328
191 1399
191 980
191 923
43 417
43 310
43 378
43 282
43 253
66 560
66 535
66 577
66 379
66 353
196 1867
196 1861
196 1881
196 1295
196 1141
191 1603
191 1589
191 1592
191 821
191 701
176 1520
176 1361
176 1519
176 1113
176 1047
147 1186
147 1043
147 1082
147 685
147 640
138 1055
138 881
138 883
138 606
138 582
299 2582
299 2267
299 2503
299 1830
299 1556
20 186
20 206
20 179
20 133
20 124
224 2339
224 1903
224 2191
224 1348
224 1349
105 852
105 658
105 710
105 483
105 401
271 3062
271 2319
271 2694
271 1623
271 1512
268 2592
268 2210
268 2478
268 1046
268 1321
77 570
77 519
77 614
77 280
77 264
193 1586
193 1531
193 1414
193 1109
193 1007
216 1839
216 1601
216 1442
216 1129
216 1064
137 1199
137 1344
137 1235
137 584
137 530
118 1077
118 943
118 1077
118 662
118 604
127 1075
127 1067
127 872
127 812
127 708
128 1280
128 1254
128 1208
128 861
128 753
93 653
93 717
93 756
93 471
93 383
88 675
88 620
88 613
88 422
88 338
225 2129
225 2022
225 2066
225 1262
225 1027
37 278
37 237
37 226
37 225
37 150
14 159
14 130
14 158
14 93
14 79
154 1459
154 1224
154 1455
154 924
154 943
296 3338
296 2969
296 2566
296 2036
296 1739
250 2163
250 1975
250 2028
250 1146
250 1000
202 2073
202 1592
202 1914
202 1000
202 1008
86 767
86 537
86 649
86 398
86 453
49 470
49 462
49 444
49 325
49 300
191 1647
191 1346
191 1518
191 917
191 946
112 1007
112 837
112 896
112 831
112 709
280 2521
280 2300
280 2168
280 1650
280 1304
129 1112
129 1005
129 1054
129 594
129 490
136 1220
136 1027
136 1113
136 581
136 481
104 809
104 868
104 903
104 569
104 480
106 823
106 875
106 922
106 537
106 473
102 1018
102 908
102 965
102 688
102 684
297 2705
297 2445
297 2250
297 1659
297 1707
55 452
55 406
55 414
55 307
55 269
236 2169
236 2232
236 2262
236 1167
236 1066
149 1340
149 1006
149 1233
149 733
149 658
100 930
100 824
100 797
100 506
100 422
193 1408
193 1607
193 1586
193 1081
193 1010
71 601
71 400
71 512
71 371
71 331
122 1113
122 840
122 1015
122 633
122 562
191 1721
191 1514
191 1593
191 1012
191 875
223 2049
223 1888
223 1887
223 1197
223 1060
230 2100
230 1828
230 2032
230 1058
230 936
278 3087
278 2191
278 2609
278 1763
278 1730
128 1015
128 1013
128 1060
128 633
128 605
132 1532
132 1142
132 1350
132 842
132 800
158 1287
158 1149
158 1224
158 633
158 687
124 933
124 931
124 978
124 468
124 499
205 1672
205 1771
205 1759
205 1129
205 968
114 1013
114 1065
114 1091
114 545
114 569
197 1599
197 1443
197 1620
197 956
197 808
234 1862
234 1584
234 1791
234 1050
234 943
30 231
30 246
30 186
30 213
30 170
225 2475
225 2164
225 2323
225 1222
225 1109
82 672
82 634
82 691
82 476
82 438
135 1070
135 865
135 1112
135 777
135 733
96 835
96 806
96 864
96 514
96 452
273 2380
273 1826
273 2086
273 1404
273 1220
235 2197
235 1775
235 2128
235 1142
235 994
266 2774
266 2166
266 1973
266 1468
266 1489
258 2401
258 1827
258 1842
258 1726
258 1488
291 2647
291 2222
291 2426
291 1699
291 1438
129 1113
129 880
129 1015
129 569
129 420
153 1279
153 1165
153 1247
153 889
153 838
93 762
93 722
93 755
93 455
93 368
9 93
9 62
9 78
9 77
9 62
180 1468
180 1341
180 1512
180 840
180 710
107 861
107 814
107 879
107 431
107 446
167 1714
167 1238
167 1558
167 1091
167 981
229 2491
229 1919
229 2346
229 1282
229 1210
36 216
36 206
36 222
36 182
36 146
72 693
72 674
72 742
72 426
72 384
183 1708
183 1417
183 1592
183 882
183 794
263 2204
263 2389
263 2244
263 1167
263 1114
211 2193
211 1865
211 2038
211 1168
211 1061
123 1165
123 1100
123 988
123 782
123 735
9 120
9 89
9 104
9 84
9 70
40 416
40 350
40 334
40 298
40 261
90 984
90 889
90 955
90 615
90 578
244 2193
244 1908
244 1673
244 1620
244 1486
108 1035
108 964
108 997
108 659
108 610
36 359
36 267
36 364
36 235
36 156
230 2242
230 1904
230 1944
230 1472
230 1362
263 2499
263 2524
263 2659
263 1761
263 1648
23 202
23 126
23 179
23 143
23 112
280 2999
280 2253
280 2525
280 1890
280 1635
16 170
16 166
16 124
16 121
16 116
297 2531
297 2537
297 2540
297 1482
297 1276
132 1031
132 940
132 907
132 759
132 656
93 729
93 613
93 703
93 508
93 407
240 2823
240 2393
240 2277
240 1563
240 1452
151 1654
151 1031
151 1169
151 851
151 962
263 2359
263 2388
263 2103
263 1440
263 1090
233 2290
233 2232
233 2030
233 1397
233 1227
200 2074
200 1765
200 1884
200 1281
200 1231
3 49
3 33
3 41
3 33
3 33
209 1915
209 1519
209 1772
209 1152
209 990
8 115
8 111
8 145
8 76
8 85
134 1183
134 1071
134 1022
134 683
134 638
139 1444
139 853
139 967
139 823
139 873
6 69
6 63
6 47
6 61
6 62
183 1471
183 1161
183 1560
183 662
183 641
256 2827
256 2117
256 2342
256 1583
256 1533
117 925
117 774
117 904
117 527
117 498
141 1033
141 1057
141 1117
141 578
141 484
19 189
19 130
19 138
19 114
19 97
142 1281
142 1050
142 1158
142 796
142 735
217 1668
217 1757
217 1775
217 993
217 942
290 3375
290 2531
290 2424
290 2038
290 1949
205 1874
205 1493
205 1665
205 1019
205 1029
240 2142
240 1807
240 1982
240 1450
240 1315
174 1910
174 1422
174 1530
174 1027
174 1009
89 1009
89 732
89 796
89 478
89 470
54 445
54 283
54 303
54 265
54 266
25 236
25 201
25 198
25 155
25 128
25 174
25 202
25 172
25 90
25 85
83 614
83 618
83 515
83 457
83 388
10 103
10 83
10 97
10 77
10 62
242 2002
242 1881
242 2069
242 1336
242 1069
34 209
34 210
34 218
34 186
34 139
258 2644
258 1812
258 1820
258 1612
258 1487
69 616
69 498
69 477
69 437
69 410
105 794
105 770
105 775
105 545
105 464
278 2879
278 2585
278 2541
278 1471
278 1297
3 54
3 40
3 54
3 40
3 33
210 2336
210 1815
210 2086
210 1331
210 1212
286 2417
286 2264
286 2081
286 1368
286 1289
215 1771
215 1430
215 1546
215 1066
215 869
92 985
92 818
92 901
92 515
92 500
278 2403
278 1989
278 2319
278 1099
278 1143
86 692
86 769
86 733
86 418
86 377
205 1720
205 1613
205 1805
205 912
205 828
237 2324
237 1974
237 2245
237 1068
237 1067
141 1273
141 1133
141 1209
141 704
141 765
125 1067
125 939
125 928
125 696
125 564
84 780
84 592
84 689
84 445
84 375
78 681
78 671
78 658
78 502
78 442
34 282
34 233
34 248
34 187
34 174
223 2588
223 2167
223 1905
223 1649
223 1511
121 778
121 763
121 735
121 474
121 438
34 287
34 349
34 330
34 184
34 125
131 1139
131 1104
131 1121
131 826
131 657
42 406
42 415
42 411
42 298
42 262
118 1004
118 922
118 905
118 623
118 537
199 1679
199 1719
199 1704
199 1133
199 978
18 115
18 146
18 149
18 124
18 68
107 994
107 960
107 921
107 565
107 517
282 2845
282 2527
282 2151
282 1892
282 1697
237 2933
237 2202
237 2381
237 1370
237 1513
63 445
63 453
63 387
63 269
63 214
70 544
70 475
70 479
70 476
70 360
140 1190
140 1152
140 1110
140 813
140 792
43 404
43 312
43 309
43 305
43 303
110 927
110 833
110 851
110 510
110 486
61 521
61 458
61 485
61 243
61 260
33 247
33 204
33 240
33 118
33 167
149 1384
149 948
149 1078
149 863
149 863
55 339
55 429
55 398
55 196
55 172
284 2651
284 1931
284 2352
284 1178
284 1186
295 3265
295 2410
295 2466
295 1995
295 1980
40 321
40 225
40 242
40 202
40 195
178 1525
178 1495
178 1664
178 982
178 878
222 1948
222 1967
222 2104
222 1292
222 1204
271 2289
271 2108
271 2241
271 1117
271 1115
177 1580
177 1409
177 1539
177 1141
177 1005
105 912
105 860
105 952
105 539
105 517
35 281
35 273
35 274
35 177
35 140
249 2442
249 1898
249 2277
249 1286
249 1146
68 563
68 407
68 391
68 358
68 330
98 803
98 711
98 766
98 597
98 596
74 517
74 495
74 455
74 347
74 283
19 102
19 175
19 123
19 105
19 91
75 762
75 645
75 621
75 463
75 446
35 248
35 239
35 232
35 154
35 157
234 2007
234 1877
234 2057
234 1066
234 903
131 1235
131 1122
131 1274
131 645
131 623
15 148
15 108
15 106
15 103
15 91
270 2591
270 2210
270 2222
270 1667
270 1704
250 2145
250 1873
250 2076
250 1316
250 1176
166 1959
166 1370
166 1707
166 1061
166 1066
136 1718
136 1284
136 1411
136 851
136 842
66 508
66 492
66 505
66 255
66 214
284 2924
284 2645
284 2688
284 1933
284 1770
199 1880
199 1914
199 2047
199 1261
199 1117
66 608
66 575
66 486
66 420
66 420
204 1748
204 1673
204 1698
204 1161
204 1049
224 2199
224 1869
224 2231
224 1154
224 973
181 1935
181 1704
181 1473
181 1294
181 1146
196 1782
196 1870
196 1818
196 1054
196 943
241 2151
241 1892
241 2178
241 1256
241 1188
286 2708
286 2661
286 2135
286 1631
286 1462
151 1322
151 1192
151 1437
151 724
151 572
48 427
48 404
48 349
48 345
48 284
163 1389
163 1345
163 1342
163 1116
163 947
279 2533
279 2524
279 2492
279 1553
279 1354
281 2647
281 2182
281 2719
281 1456
281 1289
76 818
76 642
76 859
76 463
76 377
277 2496
277 1873
277 2004
277 1657
277 1459
175 1578
175 1439
175 1660
175 873
175 794
206 2113
206 2020
206 1918
206 1371
206 1265
268 2859
268 2229
268 2200
268 1546
268 1469
83 773
83 588
83 659
83 401
83 321
289 2937
289 2207
289 2351
289 1483
289 1401
93 894
93 722
93 870
93 670
93 519
234 1903
234 1789
234 1992
234 1073
234 917
2 42
2 40
2 34
2 33
2 34
29 221
29 281
29 263
29 155
29 125
156 1360
156 1271
156 1145
156 847
156 739
189 1545
189 1322
189 1528
189 832
189 763
133 1218
133 1022
133 998
133 667
133 560
112 1118
112 866
112 873
112 788
112 705
93 781
93 688
93 640
93 417
93 371
130 1087
130 1002
130 1077
130 600
130 553
233 2256
233 1561
233 1614
233 1354
233 1333
245 2256
245 2089
245 2130
245 1382
245 1181
222 1992
222 1693
222 1908
222 1097
222 963
114 1226
114 1127
114 1103
114 763
114 713
289 2930
289 2215
289 2456
289 1523
289 1461
155 1697
155 1204
155 1519
155 985
155 948
264 2789
264 1927
264 2337
264 1535
264 1357
108 1137
108 653
108 800
108 675
108 678
186 1916
186 1328
186 1573
186 909
186 864
79 661
79 511
79 560
79 387
79 353
231 2331
231 1783
231 2071
231 1292
231 1231
141 1502
141 1393
141 1277
141 1007
141 915
36 322
36 272
36 261
36 190
36 172
170 1566
170 1217
170 1236
170 907
170 865
65 587
65 573
65 538
65 396
65 363
186 1600
186 1371
186 1470
186 961
186 808
7 131
7 95
7 110
7 83
7 83
160 1226
160 1140
160 1271
160 729
160 677
175 1793
175 1395
175 1377
175 1105
175 1052
10 123
10 118
10 103
10 128
10 92
135 1240
135 1073
135 1187
135 703
135 583
251 2108
251 1677
251 2128
251 1143
251 1151
120 1311
120 1140
120 1109
120 663
120 558
2 42
2 33
2 33
2 34
2 41
9 91
9 109
9 101
9 75
9 54
284 2328
284 1799
284 2076
284 1143
284 1194
106 703
106 767
106 714
106 561
106 490
50 376
50 317
50 301
50 174
50 172
272 3056
272 2431
272 2288
272 1884
272 1528
225 2028
225 1847
225 2049
225 943
225 825
167 1869
167 1491
167 1504
167 1267
167 1124
113 966
113 883
113 1040
113 714
113 554
38 304
38 321
38 349
38 132
38 120
193 1985
193 1746
193 1701
193 1216
193 1174
3 55
3 48
3 55
3 47
3 47
292 2807
292 2310
292 2819
292 1434
292 1297
82 682
82 653
82 657
82 396
82 359
11 100
11 136
11 113
11 97
11 68
270 2500
270 2073
270 2546
270 1241
270 1254
271 2593
271 2027
271 2287
271 1428
271 1206
238 2261
238 1832
238 2065
238 1274
238 1216
107 965
107 1053
107 1034
107 553
107 490
178 1600
178 1426
178 1311
178 1050
178 939
42 460
42 270
42 329
42 261
42 262
18 159
18 183
18 160
18 105
18 113
57 349
57 399
57 384
57 275
57 229
129 1245
129 878
129 993
129 650
129 675
78 712
78 541
78 557
78 482
78 408
95 890
95 542
95 617
95 583
95 582
62 593
62 654
62 568
62 406
62 383
271 2930
271 2135
271 2635
271 1451
271 1348
124 1198
124 1079
124 1207
124 728
124 602
146 1337
146 937
146 1211
146 675
146 624
292 3164
292 2688
292 2262
292 1991
292 1881
111 1049
111 913
111 898
111 806
111 677
249 2401
249 2129
249 1729
249 1552
249 1375
249 2387
249 1959
249 2067
249 1470
249 1219
199 2060
199 1930
199 1818
199 1445
199 1257
175 1639
175 1557
175 1468
175 987
175 927
184 1413
184 1227
184 1256
184 863
184 851
48 289
48 231
48 229
48 255
48 174
142 1216
142 1148
142 1037
142 773
142 697
46 495
46 382
46 382
46 343
46 329
279 2983
279 2277
279 2560
279 1582
279 1509
77 661
77 634
77 632
77 415
77 402
22 163
22 120
22 149
22 104
22 97
71 605
71 459
71 510
71 370
71 315
193 1949
193 1966
193 1839
193 1219
193 1026
49 494
49 434
49 489
49 237
49 248
150 1315
150 1155
150 1114
150 858
150 851
159 1382
159 1302
159 1326
159 867
159 765
79 663
79 559
79 606
79 397
79 318
44 391
44 323
44 270
44 305
44 271
250 2373
250 2182
250 2510
250 1143
250 887
229 2236
229 1955
229 2055
229 1395
229 1268
211 1753
211 1552
211 1658
211 1016
211 932
252 2442
252 2195
252 2105
252 1734
252 1463
38 285
38 235
38 258
38 255
38 189
281 2901
281 2590
281 2836
281 1468
281 1400
62 633
62 521
62 513
62 373
62 311
277 3134
277 2212
277 2450
277 1964
277 1748
184 1748
184 1651
184 1527
184 1190
184 1056
37 280
37 292
37 289
37 159
37 161
37 255
37 253
37 273
37 250
37 174
56 378
56 396
56 374
56 235
56 215
299 2892
299 2554
299 2798
299 1554
299 1214
233 1890
233 1464
233 1671
233 879
233 868
181 1900
181 1458
181 1571
181 1143
181 1027
2 47
2 41
2 41
2 40
2 47
25 152
25 177
25 178
25 124
25 97
208 1686
208 1801
208 1809
208 1100
208 922
241 1926
241 1697
241 1753
241 1043
241 961
166 1733
166 1398
166 1423
166 1134
166 981
7 76
7 75
7 75
7 76
7 55
264 2629
264 2366
264 2025
264 1509
264 1439
286 3266
286 2103
286 2746
286 1821
286 1766
278 3424
278 2354
278 2816
278 1623
278 1606
291 2302
291 2241
291 2431
291 1333
291 1157
7 99
7 87
7 94
7 83
7 68
268 2529
268 2517
268 1959
268 1608
268 1378
235 2116
235 1842
235 1961
235 1508
235 1214
40 336
40 350
40 341
40 236
40 196
291 3125
291 2405
291 2420
291 2112
291 1979
161 1370
161 1274
161 1276
161 849
161 808
144 1409
144 1060
144 998
144 854
144 761
194 1911
194 1704
194 2010
194 1046
194 900
155 1533
155 1249
155 1497
155 1026
155 892
42 370
42 245
42 324
42 181
42 202
130 1051
130 1099
130 1153
130 684
130 602
73 600
73 481
73 553
73 363
73 284
136 1256
136 1145
136 1235
136 711
136 619
176 1633
176 1392
176 1591
176 1005
176 937
74 641
74 462
74 492
74 343
74 299
124 852
124 857
124 937
124 538
124 472
230 2383
230 2105
230 1714
230 1496
230 1191
158 1641
158 1280
158 1393
158 959
158 843
212 2429
212 1790
212 2199
212 1285
212 1102
149 1382
149 1130
149 1309
149 884
149 751
255 2483
255 1901
255 2139
255 1364
255 1210
1 34
1 26
1 26
1 34
1 34
221 2158
221 2149
221 2130
221 1208
221 1168
177 1515
177 1233
177 1345
177 959
177 774
182 1742
182 1408
182 1591
182 1015
182 970
11 105
11 142
11 111
11 116
11 80
150 1448
150 1261
150 1368
150 928
150 805
106 1004
106 712
106 730
106 609
106 598
250 2120
250 1769
250 2042
250 1226
250 969
211 2012
211 1826
211 1769
211 1156
211 1073
209 1746
209 1549
209 1473
209 1108
209 948
39 266
39 220
39 219
39 211
39 216
240 2379
240 1940
240 2202
240 1534
240 1248
62 622
62 557
62 578
62 419
62 363
149 1257
149 1171
149 1239
149 711
149 655
91 791
91 531
91 643
91 512
91 386
152 1547
152 1217
152 1381
152 745
152 760
232 2000
232 1773
232 1946
232 1223
232 1103
239 2641
239 1855
239 2050
239 1373
239 1251
124 1094
124 1049
124 943
124 778
124 641
106 693
106 785
106 951
106 418
106 366
162 1418
162 1336
162 1414
162 892
162 836
106 977
106 795
106 982
106 650
106 492
219 1748
219 1746
219 1886
219 1014
219 900
138 1420
138 1235
138 1230
138 1026
138 863
49 366
49 308
49 398
49 162
49 145
51 431
51 367
51 405
51 318
51 263
131 1270
131 1313
131 1092
131 692
131 600
254 2334
254 2164
254 2184
254 1149
254 1131
194 1827
194 1496
194 1686
194 1200
194 1052
162 1635
162 1430
162 1457
162 937
162 808
230 2201
230 1746
230 1633
230 1315
230 1172
267 2450
267 2145
267 2523
267 1525
267 1333
174 1632
174 1407
174 1550
174 991
174 853
61 572
61 487
61 488
61 362
61 292
83 583
83 579
83 625
83 454
83 417
127 1080
127 1097
127 1208
127 765
127 688
282 2632
282 2474
282 2451
282 1264
282 1287
91 730
91 705
91 698
91 478
91 365
62 631
62 451
62 496
62 385
62 358
167 1403
167 1236
167 1583
167 782
167 764
185 1662
185 1493
185 1597
185 1056
185 879
173 1638
173 1257
173 1323
173 1064
173 860
109 1337
109 861
109 1040
109 654
109 622
2 40
2 40
2 40
2 40
2 33
55 415
55 394
55 399
55 258
55 236
157 1308
157 1146
157 1219
157 917
157 776
87 990
87 552
87 763
87 547
87 461
18 179
18 162
18 149
18 125
18 114
75 719
75 675
75 691
75 315
75 360
197 1855
197 1480
197 1874
197 1103
197 870
270 2501
270 1937
270 1919
270 1342
270 1269
190 1769
190 1643
190 1526
190 1035
190 910
281 2823
281 2041
281 2515
281 1425
281 1274
282 2932
282 2390
282 2604
282 1495
282 1321
36 187
36 184
36 198
36 160
36 118
236 1998
236 1808
236 1770
236 1310
236 1133
6 85
6 70
6 70
6 70
6 70
83 779
83 667
83 647
83 417
83 357
120 1150
120 1058
120 1134
120 779
120 599
72 560
72 521
72 621
72 403
72 304
118 933
118 847
118 931
118 614
118 497
124 1183
124 939
124 1172
124 717
124 594
256 2170
256 1890
256 1996
256 1452
256 1324
219 2554
219 1770
219 2027
219 1541
219 1468
80 756
80 611
80 593
80 487
80 529
179 1837
179 1508
179 1882
179 979
179 973
80 663
80 699
80 563
80 579
80 483
126 1176
126 976
126 1095
126 773
126 669
45 374
45 342
45 316
45 288
45 256
56 474
56 346
56 362
56 375
56 328
131 1176
131 931
131 1159
131 681
131 562
12 118
12 161
12 174
12 98
12 77
220 2161
220 1458
220 1798
220 1274
220 1257
207 1780
207 1730
207 1574
207 1221
207 928
60 554
60 450
60 528
60 259
60 249
111 972
111 698
111 709
111 683
111 619
10 115
10 109
10 114
10 92
10 71
146 1250
146 1081
146 1125
146 744
146 695
107 925
107 831
107 871
107 634
107 624
35 296
35 299
35 322
35 212
35 200
273 3062
273 2660
273 2487
273 1577
273 1510
85 922
85 817
85 779
85 615
85 568
189 1486
189 1334
189 1282
189 1071
189 880
197 1813
197 1625
197 1748
197 1083
197 898
46 326
46 304
46 316
46 245
46 217
247 2886
247 2064
247 2450
247 1442
247 1218
234 2444
234 1915
234 2066
234 1464
234 1427
35 313
35 342
35 385
35 240
35 203
60 384
60 379
60 402
60 259
60 247
220 2076
220 1733
220 1988
220 1168
220 1019
212 1776
212 1965
212 1953
212 1115
212 1021
162 1325
162 1197
162 1287
162 1029
162 884
5 76
5 93
5 79
5 79
5 61
191 1979
191 1906
191 1765
191 1234
191 1176
129 1112
129 1146
129 1150
129 692
129 574
55 438
55 427
55 417
55 262
55 182
24 215
24 210
24 261
24 147
24 126
185 1611
185 1457
185 1546
185 1061
185 905
108 873
108 887
108 924
108 505
108 463
281 2593
281 2267
281 2449
281 1461
281 1313
106 1351
106 998
106 1053
106 717
106 625
13 99
13 120
13 114
13 84
13 77
217 1989
217 1489
217 1794
217 1011
217 875
141 1031
141 1054
141 1004
141 738
141 659
286 2611
286 2284
286 2819
286 1535
286 1375
14 154
14 149
14 168
14 98
14 91
134 963
134 887
134 950
134 501
134 494
91 866
91 822
91 647
91 564
91 518
54 479
54 348
54 389
54 222
54 237
298 2603
298 2161
298 2427
298 1323
298 1102
293 3043
293 2353
293 2854
293 1668
293 1516
70 812
70 652
70 665
70 501
70 440
116 999
116 669
116 881
116 628
116 601
298 2706
298 2634
298 2484
298 1610
298 1471
293 3415
293 2589
293 2887
293 2003
293 1918
119 1078
119 931
119 992
119 670
119 544
73 646
73 482
73 534
73 419
73 389
280 2689
280 2484
280 2526
280 1690
280 1480
51 380
51 386
51 362
51 250
51 233
165 1544
165 1325
165 1300
165 1043
165 873
68 599
68 546
68 573
68 406
68 376
224 2246
224 2069
224 2156
224 1038
224 1079
101 797
101 777
101 737
101 480
101 399
115 972
115 906
115 960
115 578
115 503
170 1551
170 1281
170 1266
170 1175
170 945
133 1029
133 930
133 886
133 708
133 685
211 2076
211 1662
211 1990
211 1151
211 1110
162 1271
162 1595
162 1414
162 888
162 691
53 368
53 304
53 349
53 230
53 195
89 645
89 528
89 558
89 395
89 346
222 1945
222 1643
222 1986
222 1026
222 971
31 276
31 237
31 261
31 161
31 148
251 2313
251 1982
251 1863
251 1402
251 1281
159 1268
159 1144
159 1281
159 818
159 688
58 439
58 356
58 395
58 332
58 282
128 1235
128 1176
128 1182
128 742
128 700
140 1118
140 1014
140 1059
140 822
140 713
283 2414
283 1838
283 2181
283 1500
283 1257
157 1629
157 1247
157 1452
157 896
157 821
76 566
76 472
76 525
76 336
76 305
89 762
89 846
89 808
89 523
89 449
52 433
52 394
52 386
52 311
52 267
57 507
57 446
57 469
57 265
57 247
117 993
117 736
117 809
117 680
117 637
190 1635
190 1310
190 1559
190 994
190 927
128 1001
128 951
128 1006
128 546
128 399
152 1394
152 969
152 1141
152 865
152 808
6 79
6 85
6 87
6 63
6 56
177 1615
177 1209
177 1406
177 750
177 665
64 552
64 500
64 551
64 264
64 324
283 2510
283 1762
283 2081
283 1551
283 1348
141 1120
141 927
141 1019
141 608
141 609
96 925
96 946
96 892
96 586
96 558
166 1739
166 1216
166 1443
166 1005
166 1024
84 603
84 599
84 519
84 497
84 462
287 2665
287 2373
287 2265
287 1687
287 1484
10 125
10 102
10 100
10 102
10 86
234 2138
234 2119
234 2009
234 1250
234 1086
149 1301
149 1306
149 1317
149 891
149 694
267 2633
267 2160
267 2213
267 1642
267 1475
98 893
98 866
98 911
98 532
98 455
201 2038
201 1379
201 1493
201 1243
201 1126
3 55
3 65
3 50
3 47
3 47
16 157
16 127
16 139
16 132
16 112
284 2543
284 2163
284 2189
284 1522
284 1293
293 2658
293 2686
293 2261
293 1429
293 1353
298 2918
298 2341
298 2356
298 1741
298 1571
75 512
75 528
75 463
75 375
75 342
62 477
62 384
62 424
62 327
62 284
116 979
116 762
116 813
116 493
116 583
213 1982
213 1631
213 1361
213 978
213 915
11 107
11 114
11 120
11 62
11 61
128 1108
128 1027
128 1045
128 702
128 637
44 379
44 344
44 398
44 224
44 236
276 2628
276 2067
276 2222
276 1538
276 1387
274 2524
274 1907
274 2276
274 1500
274 1426
214 2148
214 1590
214 1720
214 1137
214 1000
164 1753
164 1339
164 1512
164 1038
164 875
143 1196
143 1282
143 1239
143 789
143 625
259 2479
259 2341
259 1836
259 1783
259 1562
2 48
2 33
2 33
2 34
2 41
35 248
35 203
35 253
35 169
35 150
265 2887
265 2016
265 2419
265 1638
265 1563
164 1640
164 1432
164 1425
164 990
164 853
169 1508
169 1268
169 1510
169 738
169 761
209 1861
209 1393
209 1567
209 1251
209 1107
45 342
45 420
45 354
45 333
45 270
11 136
11 130
11 150
11 93
11 75
59 528
59 512
59 616
59 342
59 268
124 1278
124 911
124 961
124 865
124 807
158 1662
158 1517
158 1567
158 1020
158 915
102 1018
102 708
102 819
102 643
102 600
48 307
48 262
48 244
48 243
48 210
253 2694
253 2056
253 2169
253 1585
253 1452
26 197
26 210
26 168
26 183
26 155
224 2113
224 1996
224 1925
224 1253
224 1004
36 333
36 304
36 331
36 193
36 180
287 2853
287 2307
287 2512
287 1599
287 1466
145 1351
145 1130
145 1174
145 884
145 857
170 1574
170 1577
170 1560
170 1098
170 1005
285 2368
285 2187
285 2389
285 1204
285 1183
256 2399
256 2190
256 2396
256 1297
256 1149
253 2844
253 1909
253 1916
253 1558
253 1595
293 2897
293 2729
293 3020
293 1546
293 1307
110 789
110 713
110 707
110 424
110 370
115 833
115 874
115 1005
115 520
115 501
129 1216
129 968
129 1044
129 825
129 795
80 672
80 591
80 591
80 511
80 378
10 106
10 80
10 92
10 94
10 76
264 2493
264 1778
264 1918
264 1405
264 1406
121 1034
121 962
121 1018
121 587
121 592
7 68
7 73
7 56
7 75
7 68
33 292
33 210
33 247
33 168
33 183
297 2689
297 1941
297 2243
297 1899
297 1552
90 671
90 761
90 637
90 471
90 348
282 3284
282 2757
282 2790
282 1864
282 1641
237 2191
237 1953
237 1529
237 1516
237 1307
84 826
84 740
84 791
84 396
84 357
50 529
50 414
50 456
50 248
50 213
194 1767
194 1635
194 1642
194 1074
194 987
30 282
30 250
30 236
30 187
30 157
112 1218
112 1094
112 1064
112 882
112 791
59 557
59 465
59 447
59 398
59 365
208 2081
208 1769
208 1686
208 1375
208 1300
252 2586
252 2361
252 2523
252 1181
252 1005
193 1777
193 1493
193 1422
193 1202
193 1028
265 2237
265 1866
265 2162
265 1479
265 1251
265 2453
265 2006
265 2334
265 1453
265 1452
190 1900
190 1532
190 1436
190 1035
190 991
187 2488
187 1473
187 1798
187 1264
187 1222
172 1619
172 1229
172 1515
172 861
172 912
196 1709
196 1590
196 1320
196 1216
196 1090
251 2172
251 1949
251 1928
251 1400
251 1233
90 830
90 563
90 625
90 434
90 370
50 429
50 336
50 322
50 266
50 267
127 1127
127 1092
127 916
127 704
127 621
1 33
1 34
1 34
1 33
1 33
105 861
105 781
105 866
105 634
105 504
144 1248
144 1101
144 1095
144 872
144 781
14 145
14 110
14 127
14 93
14 86
14 168
14 211
14 179
14 117
14 103
27 306
27 312
27 288
27 234
27 228
148 1475
148 1288
148 1539
148 702
148 654
259 2553
259 1983
259 2237
259 1519
259 1375
94 919
94 727
94 863
94 490
94 435
78 784
78 657
78 658
78 346
78 312
118 978
118 910
118 960
118 671
118 589
299 2733
299 2157
299 2280
299 1345
299 1357
48 354
48 336
48 331
48 314
48 275
277 2870
277 2549
277 2579
277 1554
277 1455
234 2361
234 2364
234 2416
234 1484
234 1241
170 1379
170 1440
170 1432
170 750
170 675
268 2536
268 2109
268 2320
268 1446
268 1314
51 463
51 416
51 443
51 249
51 197
156 1275
156 1170
156 1162
156 682
156 601
38 316
38 220
38 220
38 206
38 186
63 503
63 330
63 348
63 442
63 374
78 628
78 649
78 667
78 436
78 386
130 1320
130 1238
130 1509
130 866
130 814
275 2762
275 2442
275 2351
275 1934
275 1742
33 272
33 302
33 237
33 232
33 190
293 2713
293 2454
293 2229
293 1732
293 1413
34 307
34 286
34 297
34 209
34 173
241 2448
241 1942
241 1982
241 1441
241 1294
268 2334
268 2103
268 2377
268 1328
268 1271
43 332
43 295
43 283
43 269
43 227
154 1281
154 1140
154 1323
154 689
154 578
300 3395
300 2526
300 2934
300 1843
300 1754
20 217
20 200
20 173
20 164
20 146
266 2858
266 1959
266 2492
266 1575
266 1354
285 2467
285 2405
285 2666
285 1141
285 1085
101 806
101 812
101 767
101 437
101 390
273 2513
273 2242
273 2081
273 1512
273 1361
282 3168
282 2327
282 2716
282 1473
282 1404
229 1990
229 1695
229 1886
229 1038
229 891
37 284
37 296
37 327
37 174
37 138
132 1256
132 1214
132 1233
132 728
132 626
71 536
71 503
71 501
71 388
71 327
141 1253
141 991
141 1041
141 733
141 700
177 1367
177 1274
177 1338
177 710
177 591
280 2596
280 2522
280 2419
280 1451
280 1260
4 62
4 63
4 63
4 63
4 55
147 1476
147 1227
147 1256
147 894
147 899
152 1421
152 1305
152 1495
152 859
152 745
235 2470
235 1641
235 1773
235 1179
235 1115
79 820
79 620
79 618
79 590
79 521
5 80
5 78
5 81
5 62
5 56
34 339
34 314
34 310
34 239
34 204
251 1851
251 2026
251 1727
251 1099
251 1029
117 1068
117 812
117 946
117 472
117 451
242 2271
242 1815
242 1888
242 1318
242 1273
25 202
25 211
25 197
25 153
25 103
252 2483
252 2188
252 2319
252 1276
252 1265
248 2472
248 1798
248 2167
248 1497
248 1411
27 241
27 202
27 212
27 126
27 110
202 1875
202 1239
202 1465
202 1137
202 1081
66 613
66 513
66 528
66 372
66 336
151 1155
151 916
151 1064
151 837
151 497
300 2666
300 2308
300 2555
300 1729
300 1359
299 2685
299 2516
299 2722
299 1273
299 1137
268 3160
268 2216
268 2282
268 1671
268 1899
248 2234
248 1849
248 1772
248 1534
248 1370
84 724
84 854
84 702
84 509
84 480
43 365
43 318
43 259
43 238
43 217
19 191
19 118
19 144
19 143
19 113
254 2267
254 2381
254 2226
254 1418
254 1171
92 1076
92 810
92 803
92 698
92 611
44 348
44 275
44 287
44 227
44 199
283 2504
283 2457
283 2340
283 1771
283 1556
206 1700
206 1638
206 1733
206 924
206 843
127 918
127 872
127 735
127 736
127 564
130 1125
130 1026
130 1168
130 640
130 594
248 2711
248 1788
248 2050
248 1787
248 1593
281 2682
281 2264
281 2555
281 1301
281 1242
10 113
10 84
10 84
10 77
10 63
46 331
46 307
46 308
46 254
46 204
220 1989
220 1542
220 1461
220 1380
220 1177
82 835
82 584
82 545
82 521
82 503
155 1170
155 1111
155 1247
155 652
155 581
127 1135
127 998
127 1078
127 538
127 526
18 241
18 140
18 184
18 139
18 125
244 2724
244 1920
244 2188
244 1361
244 1352
281 2992
281 2475
281 2313
281 1917
281 1642
276 3030
276 2793
276 2644
276 1630
276 1620
79 724
79 619
79 668
79 482
79 396
280 2296
280 1800
280 2064
280 1188
280 1020
271 2933
271 1748
271 2339
271 1561
271 1584
255 2188
255 1898
255 2070
255 1464
255 1251
248 2492
248 2052
248 1964
248 1340
248 1152
273 2652
273 2113
273 2196
273 1611
273 1451
159 1518
159 1188
159 1245
159 1006
159 917
162 1724
162 1547
162 1512
162 952
162 908
272 3122
272 3142
272 2650
272 1941
272 1665
137 961
137 870
137 888
137 736
137 655
228 2375
228 1657
228 1916
228 1414
228 1363
44 396
44 306
44 295
44 298
44 259
247 2565
247 1793
247 2092
247 1348
247 1360
196 1424
196 1321
196 1395
196 781
196 785
182 1432
182 1480
182 1405
182 877
182 750
191 1583
191 1369
191 1452
191 907
191 863
192 1722
192 1428
192 1444
192 1007
192 951
81 674
81 680
81 660
81 456
81 400
195 1718
195 1652
195 1766
195 959
195 771
272 2820
272 2433
272 2616
272 1633
272 1486
267 2307
267 2129
267 2252
267 1213
267 1063
45 532
45 394
45 475
45 311
45 300
155 1323
155 1242
155 1321
155 910
155 820
190 1542
190 1632
190 1447
190 966
190 830
300 3072
300 2331
300 2793
300 1718
300 1567
6 68
6 78
6 62
6 70
6 64
46 315
46 329
46 317
46 209
46 199
264 2781
264 2019
264 2185
264 1613
264 1634
60 529
60 446
60 505
60 309
60 258
211 1623
211 1463
211 1505
211 960
211 857
283 2642
283 2158
283 2213
283 1515
283 1398
158 1396
158 1258
158 1181
158 948
158 795
125 1092
125 934
125 979
125 689
125 610
290 3114
290 2459
290 2205
290 1678
290 1509
89 789
89 702
89 784
89 412
89 381
25 196
25 233
25 206
25 195
25 159
237 1915
237 1679
237 1628
237 997
237 895
92 795
92 634
92 756
92 569
92 468
223 1964
223 1764
223 1832
223 1213
223 1234
19 173
19 171
19 139
19 164
19 142
203 1903
203 1659
203 1879
203 1239
203 1052
295 3004
295 2193
295 2810
295 1742
295 1472
271 2466
271 2076
271 1865
271 1674
271 1572
295 2828
295 2532
295 2748
295 1572
295 1460
45 331
45 282
45 309
45 214
45 173
4 56
4 47
4 59
4 40
4 40
148 1551
148 1413
148 1463
148 896
148 802
2 41
2 40
2 41
2 41
2 34
248 2429
248 2043
248 2266
248 1317
248 1050
54 398
54 268
54 265
54 245
54 278
284 2483
284 2338
284 2362
284 1451
284 1253
270 2639
270 2163
270 2535
270 1486
270 1334
219 2068
219 1702
219 1967
219 1278
219 1225
217 1908
217 1662
217 1875
217 971
217 911
225 1825
225 1795
225 1759
225 1239
225 953
142 1410
142 946
142 962
142 820
142 896
238 2345
238 1576
238 2056
238 1256
238 1222
283 3082
283 2082
283 2194
283 1843
283 1740
91 679
91 689
91 663
91 381
91 378
264 2911
264 2391
264 2375
264 1847
264 1531
217 1869
217 1878
217 1831
217 1021
217 899
39 287
39 300
39 345
39 249
39 202
214 1865
214 1805
214 1750
214 1094
214 949
53 524
53 444
53 515
53 318
53 257
79 650
79 517
79 629
79 377
79 355
65 577
65 442
65 515
65 307
65 295
252 2260
252 2260
252 2132
252 1176
252 1109
165 1494
165 1263
165 1394
165 854
165 736
141 1087
141 1141
141 1056
141 823
141 738
233 2418
233 1755
233 1909
233 1351
233 1225
230 2334
230 1590
230 2060
230 1164
230 1082
181 1547
181 1563
181 1580
181 901
181 878
131 1046
131 969
131 1033
131 683
131 536
259 2822
259 2009
259 2280
259 1615
259 1413
147 1620
147 1275
147 1413
147 919
147 870
220 2162
220 1757
220 2194
220 1018
220 890
156 1270
156 1113
156 1280
156 637
156 649
185 1679
185 1554
185 1731
185 1005
185 836
147 1366
147 1283
147 1232
147 870
147 747
160 1315
160 1408
160 1346
160 824
160 683
179 1589
179 1305
179 1428
179 999
179 848
31 281
31 267
31 255
31 193
31 166
244 2448
244 1990
244 2173
244 1420
244 1230
20 216
20 148
20 153
20 157
20 147
300 3287
300 2804
300 2314
300 2235
300 1944
47 413
47 398
47 390
47 354
47 273
159 1453
159 1300
159 1232
159 912
159 854
168 1548
168 1343
168 1566
168 830
168 779
277 2984
277 2764
277 2255
277 1886
277 1682
67 614
67 436
67 554
67 340
67 304
103 768
103 745
103 795
103 450
103 384
211 2027
211 1527
211 1735
211 1297
211 1193
283 2314
283 2268
283 2309
283 1257
283 1022
42 358
42 374
42 342
42 247
42 204
41 395
41 250
41 297
41 261
41 224
196 1515
196 1519
196 1467
196 1003
196 974
143 1029
143 1142
143 1290
143 751
143 663
64 567
64 481
64 565
64 302
64 230
245 2508
245 1787
245 1988
245 1400
245 1586
289 2900
289 1973
289 2299
289 1593
289 1448
148 1268
148 948
148 1150
148 760
148 716
288 2780
288 2330
288 2797
288 1338
288 1070
6 88
6 86
6 79
6 95
6 88
199 2222
199 1551
199 1793
199 1296
199 1238
260 2478
260 2208
260 2231
260 1321
260 1154
11 127
11 90
11 70
11 87
11 96
57 505
57 411
57 459
57 301
57 273
297 2923
297 2685
297 2526
297 1680
297 1491
156 1327
156 1135
156 1262
156 751
156 678
89 721
89 824
89 887
89 553
89 463
124 943
124 896
124 1011
124 603
124 392
60 474
60 436
60 432
60 305
60 310
288 3544
288 2272
288 2854
288 1440
288 1574
113 902
113 781
113 796
113 478
113 426
205 2027
205 1434
205 1623
205 1040
205 1009
207 1971
207 1591
207 1756
207 1015
207 998
209 2331
209 1554
209 1586
209 1443
209 1294
266 2462
266 1937
266 2176
266 1255
266 1262
167 1426
167 1349
167 1360
167 831
167 746
54 455
54 397
54 394
54 269
54 251
22 185
22 140
22 145
22 129
22 117
271 2739
271 2219
271 2092
271 1686
271 1586
295 2866
295 2358
295 2724
295 1442
295 1361
51 483
51 367
51 336
51 285
51 276
58 484
58 500
58 372
58 428
58 327
29 320
29 240
29 295
29 200
29 181
56 530
56 594
56 531
56 408
56 314
137 1134
137 1077
137 1116
137 584
137 539
299 3363
299 2505
299 3018
299 1946
299 1596
119 1153
119 1013
119 1102
119 663
119 601
176 1755
176 1557
176 1548
176 985
176 957
188 1466
188 1339
188 1437
188 887
188 823
143 1321
143 1164
143 1222
143 724
143 704
112 1110
112 929
112 1143
112 546
112 517
148 1419
148 1322
148 1384
148 937
148 829
158 1291
158 1260
158 1109
158 667
158 675
276 2213
276 1870
276 1833
276 1309
276 1158
190 1983
190 1381
190 1453
190 1194
190 1039
146 1324
146 1274
146 1168
146 909
146 763
5 70
5 70
5 70
5 54
5 47
91 745
91 733
91 724
91 454
91 424
115 1056
115 742
115 836
115 685
115 575
92 810
92 785
92 801
92 462
92 441
132 1533
132 1274
132 1314
132 905
132 761
207 2009
207 1945
207 1961
207 1279
207 1104
160 1377
160 1384
160 1320
160 792
160 773
21 169
21 161
21 160
21 146
21 117
234 2407
234 1869
234 2107
234 1475
234 1452
246 2078
246 2265
246 2265
246 1425
246 1161
144 1112
144 1145
144 1053
144 656
144 622
29 210
29 170
29 213
29 149
29 112
240 2620
240 2032
240 2298
240 1239
240 1060
286 2886
286 2093
286 2248
286 1638
286 1615
230 2157
230 1694
230 1938
230 1436
230 1181
100 817
100 660
100 740
100 425
100 409
297 2794
297 2521
297 2241
297 1584
297 1433
271 2430
271 2153
271 2292
271 1187
271 1156
17 205
17 196
17 172
17 142
17 161
282 2451
282 2542
282 2438
282 1386
282 1209
300 2779
300 2590
300 2895
300 1308
300 1351
22 233
22 225
22 238
22 188
22 138
273 2797
273 2247
273 2444
273 1368
273 1347
1 33
1 34
1 34
1 34
1 34
62 566
62 403
62 415
62 416
62 360
293 3033
293 2452
293 2559
293 1913
293 1664
129 1169
129 917
129 1084
129 628
129 521
154 1319
154 1098
154 1267
154 710
154 638
49 375
49 378
49 378
49 282
49 202
86 792
86 612
86 613
86 521
86 503
277 2703
277 2247
277 2327
277 1620
277 1594
172 1312
172 1191
172 1304
172 800
172 696
169 1470
169 1225
169 1375
169 913
169 813
142 1494
142 1209
142 1098
142 908
142 845
143 1343
143 1219
143 1210
143 781
143 736
211 2017
211 1618
211 1881
211 1279
211 1126
190 1329
190 1342
190 1547
190 951
190 872
204 2053
204 1793
204 1784
204 1346
204 1320
96 948
96 742
96 823
96 525
96 453
102 961
102 1022
102 1038
102 589
102 505
20 204
20 202
20 213
20 142
20 121
154 1385
154 1219
154 1389
154 834
154 809
86 751
86 676
86 644
86 418
86 367
262 2568
262 2249
262 2545
262 1360
262 1233
263 2808
263 2359
263 2538
263 1656
263 1579
297 3127
297 2224
297 2249
297 1779
297 1723
192 1865
192 1481
192 1592
192 1013
192 1041
8 102
8 100
8 89
8 79
8 64
37 267
37 274
37 285
37 165
37 157
90 973
90 759
90 789
90 629
90 570
277 3083
277 2737
277 2513
277 1788
277 1575
187 2393
187 1955
187 1641
187 1329
187 1233
24 307
24 229
24 243
24 191
24 156
181 1681
181 1317
181 1490
181 966
181 820
205 1859
205 1509
205 1697
205 1002
205 916
53 508
53 542
53 502
53 367
53 348
100 990
100 804
100 759
100 597
100 488
248 2707
248 2427
248 2072
248 1719
248 1514
195 1624
195 1425
195 1541
195 1026
195 816
179 1416
179 1286
179 1465
179 853
179 724
