288 1675
288 1622
288 1662
288 1377
288 1363
285 2321
285 1542
285 1512
285 1790
285 1729
14 172
14 170
14 157
14 145
14 131
156 990
156 896
156 768
156 1030
156 965
178 1161
178 1250
178 988
178 1136
178 1067
201 1644
201 1137
201 1013
201 1237
201 1265
196 925
196 1053
196 908
196 938
196 906
162 982
162 790
162 795
162 1009
162 971
97 666
97 622
97 710
97 498
97 505
71 547
71 493
71 442
71 550
71 505
293 1717
293 2096
293 1761
293 1758
293 1294
289 1890
289 1595
289 1542
289 1899
289 1731
6 86
6 76
6 87
6 82
6 68
143 1127
143 874
143 960
143 915
143 848
32 284
32 317
32 263
32 257
32 242
223 1332
223 1531
223 1438
223 1366
223 1321
12 156
12 176
12 174
12 136
12 114
189 1131
189 1106
189 1070
189 1141
189 1104
154 825
154 1103
154 863
154 983
154 707
76 526
76 582
76 520
76 550
76 488
111 564
111 683
111 626
111 753
111 684
288 1948
288 2011
288 1581
288 1922
288 1761
232 1469
232 1478
232 1097
232 1469
232 1432
248 1504
248 1396
248 1259
248 1479
248 1412
275 1592
275 1601
275 1311
275 1627
275 1588
28 175
28 237
28 196
28 242
28 211
187 1610
187 1461
187 1671
187 1267
187 1152
93 713
93 492
93 590
93 671
93 615
11 142
11 151
11 120
11 139
11 120
3 57
3 64
3 51
3 57
3 57
94 607
94 681
94 560
94 606
94 573
22 202
22 243
22 208
22 166
22 159
30 238
30 258
30 226
30 220
30 225
2 40
2 45
2 33
2 40
2 33
32 264
32 239
32 237
32 242
32 246
224 1007
224 1242
224 1095
224 1442
224 1367
169 1012
169 1012
169 1034
169 1062
169 804
184 887
184 1161
184 906
184 839
184 834
274 1579
274 1248
274 1279
274 1653
274 1589
57 482
57 370
57 339
57 427
57 376
297 1745
297 1985
297 1424
297 1829
297 1730
83 553
83 551
83 460
83 595
83 550
165 1081
165 991
165 895
165 1009
165 1018
12 143
12 147
12 140
12 138
12 126
258 1842
258 1765
258 1737
258 1660
258 1652
97 753
97 743
97 713
97 688
97 690
158 1064
158 1037
158 1068
158 1005
158 979
188 1157
188 915
188 933
188 1246
188 1156
140 977
140 906
140 753
140 887
140 865
279 1431
279 1492
279 1549
279 1273
279 1255
278 1687
278 1409
278 1692
278 1302
278 1259
49 458
49 389
49 371
49 361
49 357
49 352
49 307
49 322
49 374
49 297
52 350
52 349
52 332
52 347
52 327
155 1020
155 1142
155 873
155 998
155 940
54 520
54 423
54 392
54 423
54 394
142 740
142 1103
142 722
142 925
142 871
299 1744
299 2038
299 1414
299 1861
299 1726
64 503
64 479
64 515
64 446
64 416
280 1320
280 1497
280 1318
280 1282
280 1254
235 1102
235 1248
235 1154
235 1090
235 1080
89 480
89 597
89 512
89 478
89 458
142 927
142 904
142 878
142 932
142 915
67 497
67 433
67 468
67 508
67 454
172 1184
172 792
172 824
172 1195
172 1140
189 1185
189 1285
189 1118
189 1176
189 1128
118 764
118 960
118 773
118 820
118 568
281 2115
281 1859
281 1716
281 1710
281 1650
73 533
73 614
73 516
73 518
73 499
95 809
95 675
95 480
95 666
95 649
269 1212
269 1361
269 1296
269 1197
269 1199
32 235
32 230
32 222
32 223
32 200
228 1343
228 1215
228 1115
228 1352
228 1305
26 240
26 219
26 225
26 230
26 218
118 906
118 724
118 624
118 762
118 737
204 1058
204 1160
204 1150
204 982
204 958
31 238
31 234
31 229
31 268
31 239
33 304
33 316
33 303
33 305
33 266
179 1008
179 909
179 993
179 1100
179 887
95 681
95 486
95 541
95 679
95 673
96 772
96 811
96 753
96 727
96 699
177 855
177 831
177 858
177 1143
177 825
169 1067
169 1074
169 1049
169 1112
169 1069
10 118
10 116
10 124
10 108
10 96
242 1513
242 1336
242 1487
242 1578
242 1124
227 1057
227 1071
227 1091
227 1404
227 1039
235 1116
235 1158
235 1177
235 1090
235 1067
4 82
4 78
4 83
4 65
4 71
158 1167
158 1254
158 1173
158 1065
158 1005
32 264
32 251
32 234
32 254
32 254
39 405
39 373
39 396
39 331
39 313
227 1075
227 1061
227 1119
227 1423
227 1021
241 1557
241 1392
241 1158
241 1545
241 1504
137 997
137 859
137 990
137 823
137 818
158 1222
158 1005
158 783
158 1014
158 973
32 309
32 298
32 259
32 285
32 273
76 544
76 535
76 459
76 495
76 452
206 1085
206 1364
206 1117
206 1259
206 946
30 317
30 311
30 310
30 251
30 227
294 1801
294 1448
294 1444
294 1828
294 1746
68 366
68 513
68 374
68 483
68 451
231 1507
231 1452
231 1400
231 1468
231 1482
292 1743
292 2000
292 1441
292 1803
292 1716
175 1292
175 1335
175 1221
175 1178
175 1112
297 1777
297 1734
297 1766
297 1357
297 1353
177 1193
177 1211
177 1152
177 1123
177 1090
40 355
40 299
40 288
40 323
40 282
244 1157
244 1427
244 1203
244 1132
244 1130
25 254
25 227
25 253
25 219
25 193
80 683
80 606
80 529
80 548
80 534
77 588
77 533
77 464
77 585
77 522
236 1898
236 1823
236 1762
236 1535
236 1517
56 463
56 426
56 402
56 372
56 356
250 1503
250 1566
250 1208
250 1585
250 1537
160 974
160 880
160 952
160 1048
160 786
133 1083
133 762
133 725
133 865
133 864
293 1865
293 1873
293 1589
293 1742
293 1674
40 364
40 339
40 338
40 302
40 281
199 1058
199 1165
199 1025
199 1298
199 987
179 1161
179 949
179 860
179 1141
179 1131
19 204
19 195
19 204
19 194
19 179
176 1359
176 1382
176 1310
176 1123
176 1078
101 802
101 742
101 604
101 697
101 649
34 308
34 281
34 285
34 274
34 244
208 1304
208 1110
208 1281
208 1299
208 966
33 317
33 287
33 310
33 291
33 255
225 1593
225 1321
225 1338
225 1396
225 1298
258 1598
258 1385
258 1206
258 1630
258 1590
238 1118
238 1283
238 1154
238 1127
238 1080
133 979
133 832
133 808
133 861
133 831
162 1086
162 1053
162 1057
162 762
162 781
83 589
83 447
83 487
83 542
83 533
290 1747
290 1948
290 1361
290 1803
290 1709
243 1549
243 1516
243 1512
243 1552
243 1535
37 304
37 307
37 331
37 256
37 260
143 668
143 763
143 720
143 931
143 660
183 1224
183 1264
183 1164
183 1207
183 1118
191 1132
191 1124
191 1148
191 1167
191 1140
43 437
43 376
43 424
43 356
43 328
66 580
66 496
66 529
66 511
66 510
196 932
196 1026
196 989
196 1260
196 910
191 1213
191 1381
191 1289
191 1197
191 1115
176 1099
176 929
176 882
176 835
176 845
147 1047
147 1046
147 995
147 985
147 957
138 829
138 760
138 711
138 858
138 820
299 1769
299 1794
299 1741
299 1400
299 1382
20 208
20 226
20 182
20 181
20 168
224 1048
224 1198
224 1102
224 1022
224 1010
105 518
105 692
105 528
105 645
105 512
271 1402
271 1449
271 1469
271 1275
271 1238
268 1248
268 1684
268 1289
268 1246
268 1205
77 606
77 602
77 625
77 485
77 462
193 1471
193 1128
193 1150
193 1314
193 1203
216 1381
216 1692
216 1391
216 1062
216 1010
137 873
137 1038
137 876
137 878
137 847
118 568
118 726
118 585
118 778
118 580
127 811
127 859
127 826
127 868
127 603
128 626
128 776
128 657
128 623
128 598
93 746
93 719
93 655
93 634
93 588
88 655
88 521
88 553
88 561
88 553
225 1383
225 1106
225 1127
225 1424
225 1356
37 362
37 324
37 321
37 311
37 253
14 154
14 131
14 144
14 135
14 123
154 1298
154 1195
154 1019
154 1052
154 1024
296 1340
296 1285
296 1411
296 1824
296 1283
250 1418
250 1508
250 1454
250 1485
250 1429
202 1272
202 1319
202 1345
202 1242
202 1251
86 573
86 503
86 520
86 565
86 547
49 361
49 298
49 290
49 366
49 354
191 1524
191 1237
191 1299
191 1211
191 1177
112 584
112 805
112 658
112 560
112 539
280 1322
280 1689
280 1345
280 1729
280 1270
129 790
129 639
129 646
129 810
129 761
136 822
136 925
136 704
136 873
136 797
104 803
104 813
104 716
104 701
104 658
106 842
106 843
106 806
106 751
106 701
102 593
102 808
102 541
102 562
102 554
297 1893
297 1801
297 1883
297 1398
297 1419
55 479
55 483
55 420
55 427
55 383
236 1492
236 1733
236 1503
236 1528
236 1459
149 1006
149 1046
149 980
149 1006
149 958
100 676
100 744
100 538
100 660
100 617
193 885
193 1228
193 919
193 1299
193 1228
71 497
71 494
71 490
71 492
71 457
122 1032
122 784
122 856
122 807
122 750
191 912
191 1299
191 921
191 1224
191 897
223 1369
223 1349
223 1149
223 1361
223 1358
230 1399
230 1535
230 1121
230 1367
230 1352
278 1424
278 1426
278 1359
278 1800
278 1316
128 959
128 904
128 657
128 857
128 806
132 645
132 710
132 697
132 654
132 626
158 1171
158 1118
158 967
158 945
158 960
124 718
124 867
124 705
124 613
124 576
205 1443
205 1058
205 1212
205 1314
205 1239
114 712
114 842
114 586
114 738
114 745
197 1590
197 1513
197 1577
197 1316
197 1217
234 1514
234 1436
234 1431
234 1509
234 1449
30 283
30 289
30 229
30 273
30 236
225 1512
225 1552
225 1481
225 1475
225 1380
82 576
82 689
82 512
82 469
82 446
135 759
135 902
135 788
135 672
135 660
96 732
96 688
96 686
96 676
96 647
273 2122
273 1626
273 1680
273 1777
273 1676
235 1705
235 1481
235 1709
235 1472
235 1356
266 1779
266 1400
266 1285
266 1662
266 1654
258 1617
258 1572
258 1616
258 1278
258 1181
291 1514
291 1545
291 1568
291 1824
291 1321
129 871
129 942
129 859
129 901
129 813
153 966
153 982
153 1023
153 1004
153 740
93 628
93 666
93 611
93 660
93 619
9 113
9 95
9 107
9 107
9 92
180 1208
180 1292
180 1215
180 1136
180 1069
107 667
107 721
107 715
107 689
107 661
167 897
167 803
167 840
167 1125
167 1089
229 1043
229 1269
229 1119
229 1064
229 1025
36 309
36 299
36 308
36 276
36 257
72 615
72 560
72 545
72 516
72 479
183 1278
183 1285
183 1223
183 1174
183 1150
263 1880
263 1913
263 1897
263 1685
263 1548
211 1061
211 1005
211 1001
211 1351
211 1303
123 771
123 894
123 669
123 616
123 596
9 131
9 105
9 107
9 106
9 97
40 328
40 279
40 259
40 332
40 295
90 564
90 478
90 528
90 651
90 456
244 1630
244 1388
244 1570
244 1619
244 1172
108 545
108 720
108 551
108 535
108 552
36 363
36 280
36 344
36 300
36 254
230 1236
230 1115
230 1154
230 1181
230 1155
263 1387
263 1496
263 1460
263 1225
263 1222
23 239
23 199
23 228
23 206
23 181
280 1315
280 1467
280 1519
280 1282
280 1249
16 188
16 157
16 157
16 165
16 158
297 2177
297 2035
297 2135
297 1878
297 1792
132 652
132 882
132 679
132 677
132 619
93 755
93 673
93 532
93 662
93 613
240 1375
240 1708
240 1310
240 1557
240 1153
151 974
151 737
151 813
151 949
151 956
263 1569
263 1557
263 1278
263 1586
263 1537
233 1477
233 1488
233 1138
233 1505
233 1419
200 929
200 969
200 1008
200 953
200 898
3 56
3 42
3 50
3 42
3 44
209 1366
209 1090
209 1127
209 1291
209 1259
8 128
8 124
8 152
8 97
8 104
134 1043
134 958
134 856
134 836
134 819
139 702
139 878
139 714
139 888
139 647
6 86
6 82
6 70
6 80
6 79
183 1160
183 1199
183 1030
183 1075
183 1024
256 1594
256 1376
256 1291
256 1172
256 1152
117 781
117 709
117 816
117 726
117 571
141 861
141 1039
141 919
141 889
141 852
19 223
19 151
19 169
19 169
19 160
142 898
142 770
142 701
142 907
142 683
217 1628
217 1787
217 1624
217 1400
217 1337
290 1793
290 1527
290 1380
290 1877
290 1772
205 1552
205 1429
205 1509
205 1302
205 1264
240 1585
240 1452
240 1599
240 1481
240 1401
174 1430
174 934
174 865
174 1156
174 1139
89 719
89 532
89 565
89 591
89 579
54 443
54 331
54 348
54 375
54 351
25 207
25 188
25 199
25 202
25 191
25 235
25 263
25 241
25 182
25 175
83 612
83 610
83 500
83 600
83 527
10 121
10 110
10 110
10 111
10 96
242 1521
242 1270
242 1270
242 1560
242 1397
34 304
34 292
34 300
34 289
34 250
258 1769
258 1199
258 1223
258 1694
258 1707
69 505
69 466
69 499
69 473
69 372
105 651
105 710
105 623
105 716
105 675
278 1618
278 1777
278 1329
278 1702
278 1623
3 61
3 51
3 61
3 51
3 44
210 998
210 954
210 1016
210 969
210 952
286 1704
286 1887
286 1379
286 1710
286 1689
215 1398
215 1458
215 1402
215 1275
215 1253
92 704
92 571
92 576
92 614
92 601
278 1714
278 1885
278 1676
278 1675
278 1700
86 667
86 535
86 576
86 575
86 533
205 1222
205 1445
205 1246
205 1297
205 1240
237 1557
237 1614
237 1595
237 1478
237 1405
141 894
141 1004
141 925
141 902
141 891
125 734
125 839
125 634
125 804
125 762
84 518
84 589
84 418
84 562
84 521
78 604
78 502
78 498
78 536
78 506
34 300
34 242
34 247
34 254
34 241
223 1065
223 1050
223 1102
223 1037
223 1044
121 677
121 712
121 673
121 719
121 599
34 307
34 309
34 346
34 258
34 224
131 811
131 715
131 654
131 845
131 610
42 412
42 307
42 333
42 344
42 312
118 909
118 690
118 608
118 792
118 734
199 1001
199 962
199 994
199 1224
199 916
18 152
18 165
18 162
18 151
18 132
107 884
107 653
107 764
107 694
107 664
282 1659
282 1459
282 1747
282 1342
282 1261
237 1235
237 1074
237 1134
237 1435
237 1153
63 502
63 498
63 432
63 449
63 399
70 495
70 462
70 489
70 519
70 368
140 877
140 772
140 688
140 935
140 900
43 348
43 355
43 308
43 269
43 279
110 740
110 773
110 724
110 723
110 691
61 444
61 436
61 417
61 435
61 412
33 285
33 291
33 285
33 235
33 242
149 918
149 898
149 864
149 953
149 933
55 415
55 412
55 426
55 372
55 349
284 1698
284 1897
284 1685
284 1709
284 1631
295 1444
295 1524
295 1410
295 1826
295 1335
40 319
40 307
40 318
40 286
40 232
178 1156
178 1349
178 1208
178 1215
178 1125
222 1049
222 1447
222 1098
222 1041
222 1039
271 1916
271 1613
271 1982
271 1574
271 1520
177 1108
177 1024
177 1133
177 1193
177 829
105 729
105 786
105 741
105 681
105 681
35 336
35 314
35 314
35 269
35 241
249 1551
249 1701
249 1164
249 1629
249 1520
68 567
68 496
68 495
68 512
68 487
98 527
98 598
98 595
98 673
98 642
74 579
74 498
74 539
74 557
74 500
19 156
19 204
19 151
19 168
19 156
75 559
75 593
75 456
75 536
75 517
35 251
35 287
35 224
35 245
35 234
234 1718
234 1462
234 1440
234 1479
234 1387
131 881
131 911
131 751
131 833
131 821
15 145
15 142
15 124
15 150
15 138
270 1604
270 1624
270 1617
270 1268
270 1233
250 1895
250 1510
250 1541
250 1563
250 1498
166 828
166 876
166 806
166 814
166 803
136 704
136 762
136 669
136 863
136 665
66 431
66 507
66 455
66 438
66 419
284 1322
284 1460
284 1329
284 1782
284 1245
199 949
199 949
199 1016
199 1275
199 924
66 601
66 539
66 469
66 496
66 480
204 941
204 1305
204 965
204 1341
204 941
224 1374
224 1384
224 1114
224 1418
224 1355
181 861
181 1030
181 887
181 1143
181 842
196 1437
196 1268
196 1343
196 1299
196 1263
241 1562
241 1278
241 1337
241 1545
241 1462
286 1699
286 1744
286 1343
286 1801
286 1726
151 1005
151 1082
151 882
151 975
151 899
48 345
48 421
48 397
48 380
48 262
163 1006
163 1058
163 1008
163 857
163 811
279 1719
279 1727
279 1657
279 1756
279 1692
281 1879
281 1850
281 1910
281 1745
281 1649
76 617
76 453
76 517
76 550
76 483
277 1661
277 1622
277 1650
277 1283
277 1236
175 1377
175 1301
175 1396
175 1152
175 1107
206 977
206 935
206 989
206 955
206 951
268 1614
268 1609
268 1259
268 1655
268 1592
83 742
83 567
83 643
83 602
83 568
289 1752
289 1361
289 1370
289 1768
289 1733
93 491
93 461
93 486
93 668
93 475
234 1701
234 1470
234 1479
234 1427
234 1344
2 45
2 45
2 39
2 40
2 39
29 252
29 295
29 264
29 241
29 222
156 1246
156 1233
156 1033
156 1029
156 969
189 1247
189 1290
189 1084
189 1140
189 1117
133 1032
133 1044
133 857
133 901
133 879
112 619
112 837
112 572
112 621
112 582
93 627
93 671
93 585
93 635
93 602
130 855
130 930
130 761
130 824
130 774
233 1528
233 1093
233 1417
233 1132
233 1147
245 1745
245 1255
245 1452
245 1554
245 1494
222 1746
222 1497
222 1187
222 1412
222 1322
114 847
114 608
114 670
114 770
114 737
289 2208
289 1572
289 1742
289 1785
289 1755
155 831
155 853
155 837
155 1012
155 723
264 1366
264 1403
264 1413
264 1614
264 1173
108 621
108 523
108 634
108 732
108 704
186 1222
186 1295
186 1173
186 1228
186 1145
79 620
79 563
79 503
79 533
79 502
231 1321
231 1250
231 1289
231 1147
231 1129
141 961
141 706
141 782
141 965
141 903
36 348
36 337
36 322
36 296
36 267
170 868
170 1160
170 934
170 1103
170 854
65 490
65 403
65 408
65 469
65 437
186 1178
186 1256
186 918
186 1219
186 1124
7 136
7 106
7 119
7 98
7 98
160 1179
160 1047
160 1069
160 1007
160 989
175 905
175 957
175 906
175 861
175 821
10 133
10 113
10 106
10 141
10 111
135 920
135 973
135 778
135 842
135 787
251 1320
251 1637
251 1450
251 1193
251 1130
120 773
120 672
120 603
120 777
120 744
2 45
2 38
2 38
2 39
2 46
9 118
9 121
9 124
9 102
9 87
284 2230
284 2126
284 2176
284 1809
284 1693
106 683
106 747
106 533
106 726
106 673
50 433
50 346
50 383
50 347
50 335
272 1289
272 1389
272 1327
272 1650
272 1227
225 1324
225 1394
225 1353
225 1364
225 1317
167 1081
167 931
167 838
167 1103
167 1084
113 597
113 800
113 659
113 768
113 540
38 347
38 330
38 364
38 263
38 251
193 1355
193 1223
193 1298
193 1264
193 929
3 62
3 57
3 62
3 56
3 56
292 1722
292 1751
292 1382
292 1800
292 1747
82 603
82 608
82 578
82 588
82 580
11 127
11 137
11 110
11 128
11 105
270 1722
270 1714
270 1718
270 1637
270 1569
271 1620
271 1259
271 1298
271 1644
271 1619
238 1546
238 1331
238 1260
238 1525
238 1447
107 701
107 714
107 668
107 726
107 713
178 1126
178 1028
178 1122
178 894
178 875
42 407
42 264
42 328
42 333
42 330
18 195
18 209
18 191
18 156
18 162
57 370
57 443
57 380
57 420
57 389
129 836
129 707
129 671
129 817
129 776
78 621
78 541
78 592
78 577
78 534
95 536
95 567
95 548
95 660
95 483
62 558
62 424
62 374
62 473
62 450
271 1359
271 1227
271 1290
271 1258
271 1302
124 820
124 806
124 644
124 845
124 789
146 802
146 995
146 844
146 909
146 702
292 1417
292 1473
292 1382
292 1351
292 1350
111 716
111 737
111 747
111 584
111 524
249 1515
249 1328
249 1494
249 1202
249 1146
249 1206
249 1158
249 1149
249 1159
249 1130
199 971
199 900
199 974
199 975
199 917
175 945
175 1109
175 907
175 867
175 821
184 1069
184 1074
184 1046
184 895
184 900
48 405
48 325
48 354
48 371
48 335
142 839
142 885
142 861
142 889
142 695
46 397
46 321
46 346
46 322
46 297
279 1304
279 1315
279 1323
279 1269
279 1263
77 554
77 579
77 525
77 537
77 519
22 219
22 189
22 208
22 178
22 171
71 559
71 434
71 431
71 497
71 435
193 1208
193 1050
193 958
193 1260
193 1192
49 475
49 421
49 414
49 353
49 351
150 920
150 801
150 723
150 731
150 731
159 961
159 1129
159 870
159 1051
159 1006
79 631
79 485
79 533
79 523
79 500
44 374
44 314
44 304
44 328
44 306
250 1489
250 1788
250 1529
250 1487
250 1440
229 1264
229 1279
229 1309
229 1076
229 1099
211 1282
211 1418
211 1039
211 1351
211 1274
252 1488
252 1321
252 1479
252 1260
252 1140
38 304
38 317
38 328
38 331
38 266
281 1761
281 1790
281 1691
281 1848
281 1729
62 454
62 371
62 371
62 454
62 420
277 1677
277 1460
277 1333
277 1776
277 1266
184 1083
184 879
184 1106
184 856
184 847
37 310
37 350
37 316
37 282
37 274
37 341
37 311
37 338
37 328
37 287
56 497
56 499
56 489
56 397
56 360
299 1515
299 1986
299 1600
299 1816
299 1315
233 1706
233 1586
233 1627
233 1457
233 1377
181 1129
181 1401
181 1078
181 912
181 840
2 50
2 44
2 44
2 45
2 52
25 200
25 223
25 214
25 205
25 184
208 1546
208 1639
208 1267
208 1374
208 1245
241 1559
241 1520
241 1417
241 1541
241 1510
166 1338
166 1082
166 1015
166 1147
166 1101
7 93
7 93
7 93
7 99
7 79
264 1381
264 1632
264 1291
264 1629
264 1316
286 1441
286 1300
286 1331
286 1345
286 1389
278 1333
278 1685
278 1352
278 1295
278 1269
291 2094
291 2270
291 2181
291 1790
291 1693
7 112
7 102
7 107
7 102
7 89
268 1765
268 1647
268 1290
268 1722
268 1729
235 1406
235 1791
235 1404
235 1123
235 1073
40 295
40 281
40 247
40 320
40 298
291 1733
291 1738
291 1713
291 1319
291 1340
161 999
161 935
161 1045
161 1005
161 958
144 788
144 865
144 725
144 734
144 731
194 1228
194 910
194 971
194 1249
194 1192
155 1051
155 791
155 783
155 1040
155 1010
42 385
42 312
42 366
42 305
42 299
130 860
130 836
130 796
130 872
130 862
73 650
73 544
73 601
73 559
73 501
136 738
136 748
136 768
136 882
136 658
176 1225
176 950
176 1004
176 1105
176 1081
74 520
74 471
74 438
74 463
74 457
124 762
124 858
124 802
124 804
124 778
230 1607
230 1662
230 1201
230 1546
230 1414
158 1019
158 892
158 778
158 1047
158 985
212 1035
212 1231
212 1072
212 1344
212 963
149 848
149 836
149 831
149 992
149 712
255 1372
255 1338
255 1375
255 1178
255 1191
1 35
1 29
1 29
1 35
1 35
221 1036
221 1628
221 1066
221 1050
221 1017
177 1125
177 1197
177 989
177 1152
177 1022
182 1201
182 975
182 889
182 1162
182 877
11 134
11 153
11 138
11 143
11 113
150 1008
150 1213
150 1026
150 767
150 714
106 750
106 597
106 724
106 565
106 551
250 1839
250 1851
250 1542
250 1542
250 1446
211 1024
211 1377
211 1022
211 1341
211 959
209 1282
209 1219
209 1280
209 1315
209 940
39 278
39 312
39 259
39 316
39 296
240 1141
240 1300
240 1185
240 1095
240 1099
62 521
62 503
62 363
62 455
62 444
149 1142
149 1233
149 1126
149 984
149 931
91 628
91 506
91 522
91 625
91 580
152 1012
152 1098
152 979
152 1014
152 978
232 1445
232 1570
232 1134
232 1462
232 1432
239 1171
239 1254
239 1151
239 1060
239 1084
124 913
124 895
124 699
124 824
124 735
106 773
106 777
106 793
106 721
106 665
162 957
162 1001
162 998
162 1031
162 750
106 702
106 741
106 549
106 729
106 691
219 1350
219 1398
219 1426
219 1376
219 1343
138 648
138 675
138 664
138 938
138 656
49 462
49 412
49 460
49 329
49 300
51 453
51 443
51 387
51 395
51 354
131 659
131 719
131 665
131 627
131 628
254 1533
254 1690
254 1458
254 1626
254 1522
194 906
194 1004
194 954
194 1246
194 867
162 1213
162 914
162 818
162 1065
162 1003
230 1550
230 1233
230 1227
230 1429
230 1405
267 1792
267 1877
267 1490
267 1733
267 1647
174 1081
174 855
174 890
174 1090
174 1050
61 514
61 374
61 354
61 432
61 397
83 545
83 469
83 462
83 556
83 552
127 701
127 985
127 709
127 857
127 825
282 1755
282 1935
282 1698
282 1777
282 1729
91 573
91 657
91 591
91 641
91 579
62 345
62 365
62 334
62 358
62 326
167 1029
167 1106
167 1055
167 806
167 793
185 853
185 911
185 936
185 885
185 855
173 839
173 914
173 833
173 1083
173 807
109 811
109 578
109 597
109 737
109 747
2 47
2 47
2 47
2 47
2 40
55 410
55 408
55 397
55 422
55 384
157 1331
157 1019
157 1065
157 1124
157 1022
87 632
87 526
87 592
87 612
87 467
18 162
18 177
18 148
18 171
18 161
75 645
75 615
75 503
75 520
75 528
197 1177
197 931
197 962
197 1280
197 1163
270 2091
270 1892
270 1656
270 1646
270 1613
190 1167
190 1201
190 941
190 1205
190 1133
281 1465
281 1540
281 1583
281 1282
281 1228
282 1312
282 1649
282 1386
282 1701
282 1267
36 292
36 281
36 293
36 281
36 247
236 1753
236 1746
236 1443
236 1510
236 1424
6 96
6 85
6 85
6 85
6 85
83 671
83 502
83 438
83 541
83 500
120 810
120 682
120 648
120 842
120 736
72 464
72 460
72 446
72 498
72 436
118 727
118 613
118 613
118 772
118 731
124 609
124 790
124 635
124 785
124 758
256 1546
256 1468
256 1487
256 1249
256 1194
219 1033
219 1094
219 1080
219 1018
219 973
80 632
80 596
80 470
80 576
80 600
179 862
179 964
179 883
179 864
179 838
80 625
80 492
80 408
80 569
80 548
126 910
126 722
126 898
126 859
126 613
45 418
45 368
45 322
45 372
45 337
56 476
56 309
56 306
56 429
56 396
131 870
131 701
131 715
131 848
131 781
12 135
12 154
12 160
12 126
12 109
220 1432
220 1195
220 1152
220 1397
220 1324
207 1323
207 1015
207 1087
207 1307
207 1229
60 454
60 488
60 430
60 446
60 418
111 757
111 645
111 588
111 581
111 588
10 135
10 128
10 131
10 118
10 99
146 890
146 794
146 748
146 919
146 887
107 808
107 641
107 656
107 742
107 688
35 305
35 275
35 272
35 278
35 260
273 1635
273 1947
273 1366
273 1699
273 1641
85 451
85 446
85 435
85 624
85 460
189 1404
189 1263
189 903
189 1263
189 1136
197 1324
197 1391
197 1082
197 1295
197 1195
46 353
46 393
46 390
46 358
46 326
247 1309
247 1266
247 1310
247 1528
247 1092
234 1447
234 1394
234 1401
234 1104
234 1086
35 362
35 309
35 335
35 329
35 294
60 476
60 474
60 472
60 433
60 424
220 1359
220 988
220 1068
220 1367
220 1334
212 1378
212 1325
212 1329
212 1422
212 1356
162 1243
162 932
162 1038
162 1069
162 1011
5 85
5 100
5 88
5 90
5 74
191 1271
191 1266
191 1185
191 1261
191 926
129 1024
129 699
129 800
129 838
129 803
55 429
55 414
55 407
55 403
55 361
24 225
24 216
24 224
24 220
24 201
185 897
185 894
185 917
185 891
185 879
108 834
108 767
108 834
108 696
108 658
281 1477
281 1541
281 1536
281 1292
281 1241
106 727
106 576
106 583
106 718
106 678
13 131
13 150
13 140
13 125
13 120
217 1316
217 1445
217 1080
217 1335
217 1254
141 910
141 760
141 738
141 901
141 890
286 2018
286 1919
286 1912
286 1895
286 1842
14 173
14 170
14 182
14 134
14 127
134 875
134 933
134 819
134 822
134 776
91 587
91 495
91 564
91 618
91 589
54 540
54 474
54 493
54 393
54 380
298 2487
298 2297
298 2253
298 1909
298 1848
293 1482
293 1563
293 1571
293 1323
293 1324
70 677
70 420
70 386
70 544
70 527
116 977
116 619
116 820
116 763
116 750
298 1370
298 1779
298 1413
298 1888
298 1823
293 1530
293 1595
293 1566
293 1347
293 1318
119 777
119 798
119 619
119 812
119 749
73 616
73 443
73 397
73 518
73 511
280 1598
280 1297
280 1700
280 1251
280 1225
51 457
51 437
51 435
51 395
51 376
165 1032
165 1019
165 1030
165 807
165 758
68 603
68 575
68 510
68 495
68 456
224 1360
224 1566
224 1326
224 1469
224 1404
101 645
101 594
101 517
101 669
101 629
115 721
115 848
115 575
115 748
115 721
170 822
170 924
170 809
170 1091
170 806
133 842
133 787
133 851
133 852
133 640
211 1413
211 1456
211 1410
211 1398
211 1288
162 1256
162 1297
162 1163
162 1066
162 980
53 487
53 411
53 454
53 387
53 364
89 720
89 549
89 609
89 579
89 541
222 1749
222 1487
222 1218
222 1377
222 1311
31 320
31 290
31 303
31 253
31 239
251 1887
251 1677
251 1554
251 1560
251 1501
159 1138
159 889
159 998
159 976
159 928
58 486
58 332
58 387
58 448
58 397
128 1029
128 685
128 679
128 876
128 843
140 943
140 751
140 776
140 968
140 908
283 1873
283 1510
283 1476
283 1800
283 1708
157 835
157 883
157 798
157 774
157 786
76 501
76 563
76 486
76 539
76 496
89 754
89 704
89 760
89 645
89 600
52 390
52 358
52 327
52 379
52 356
57 449
57 443
57 373
57 406
57 395
117 959
117 757
117 807
117 822
117 753
190 988
190 964
190 1032
190 875
190 869
128 657
128 907
128 780
128 803
128 597
152 740
152 759
152 741
152 729
152 706
6 83
6 87
6 85
6 80
6 73
177 1063
177 1172
177 1044
177 1129
177 1050
64 583
64 512
64 551
64 457
64 474
283 1651
283 1631
283 1666
283 1740
283 1310
141 916
141 985
141 777
141 900
141 850
96 681
96 562
96 531
96 659
96 648
166 861
166 817
166 921
166 790
166 799
84 572
84 567
84 605
84 588
84 559
287 1865
287 1794
287 1353
287 1908
287 1852
10 141
10 121
10 125
10 123
10 110
234 1538
234 1672
234 1489
234 1530
234 1432
149 1001
149 835
149 776
149 973
149 918
267 1309
267 1464
267 1277
267 1243
267 1202
98 517
98 734
98 496
98 696
98 664
201 1055
201 1106
201 1069
201 1279
201 944
3 60
3 66
3 55
3 54
3 54
16 180
16 163
16 166
16 175
16 151
284 1774
284 1360
284 1382
284 1731
284 1707
293 1801
293 1735
293 1461
293 1777
293 1720
298 1825
298 1380
298 1406
298 1826
298 1760
75 608
75 518
75 490
75 538
75 494
62 559
62 429
62 461
62 467
62 428
116 873
116 779
116 871
116 742
116 729
213 1017
213 1494
213 1010
213 1030
213 986
11 136
11 134
11 145
11 103
11 100
128 848
128 756
128 723
128 850
128 775
44 412
44 405
44 439
44 313
44 314
276 1238
276 1594
276 1304
276 1649
276 1246
274 2011
274 1441
274 1618
274 1664
274 1657
214 1294
214 1467
214 1260
214 1361
214 1308
164 793
164 762
164 810
164 772
164 760
143 887
143 908
143 712
143 958
143 878
259 1518
259 1352
259 1596
259 1201
259 1182
2 51
2 38
2 38
2 39
2 46
35 300
35 252
35 257
35 269
35 246
265 1406
265 1499
265 1470
265 1286
265 1207
164 1032
164 799
164 839
164 823
164 787
169 1330
169 1238
169 1199
169 1101
169 1068
209 1580
209 1071
209 1278
209 1392
209 1289
45 397
45 435
45 326
45 394
45 342
11 150
11 129
11 160
11 126
11 110
59 413
59 432
59 383
59 418
59 377
124 734
124 890
124 718
124 885
124 670
158 747
158 770
158 780
158 773
158 752
102 558
102 567
102 522
102 735
102 728
48 405
48 336
48 323
48 373
48 334
253 1170
253 1267
253 1257
253 1168
253 1159
26 225
26 226
26 213
26 225
26 208
224 1418
224 1081
224 1106
224 1422
224 1353
36 293
36 306
36 297
36 285
36 262
287 1399
287 1337
287 1425
287 1311
287 1306
145 729
145 1024
145 837
145 716
145 678
170 1036
170 1410
170 1066
170 819
170 783
285 2096
285 1918
285 2125
285 1759
285 1670
256 1487
256 1532
256 1253
256 1560
256 1490
253 1246
253 1290
253 1216
253 1171
253 1152
293 1930
293 2185
293 1854
293 1910
293 1878
110 843
110 731
110 706
110 734
110 695
115 765
115 798
115 834
115 728
115 706
129 663
129 877
129 690
129 687
129 629
80 476
80 504
80 486
80 577
80 405
10 122
10 105
10 109
10 115
10 102
264 1712
264 1658
264 1618
264 1231
264 1273
121 597
121 687
121 633
121 575
121 601
7 87
7 92
7 79
7 94
7 87
33 351
33 288
33 312
33 263
33 276
297 1840
297 1757
297 1826
297 1347
297 1347
90 648
90 776
90 631
90 606
90 548
282 1359
282 1400
282 1355
282 1312
282 1245
237 1413
237 1307
237 1434
237 1599
237 1081
84 609
84 563
84 528
84 547
84 504
50 452
50 350
50 330
50 358
50 332
194 1235
194 928
194 921
194 1229
194 1215
30 283
30 264
30 255
30 243
30 224
112 687
112 853
112 674
112 587
112 558
59 442
59 421
59 435
59 447
59 427
208 997
208 957
208 1046
208 1291
208 984
252 1654
252 1774
252 1625
252 1613
252 1517
193 985
193 1052
193 1048
193 1184
193 871
265 1667
265 1684
265 1742
265 1693
265 1221
265 2102
265 1987
265 2070
265 1715
265 1642
190 1300
190 918
190 953
190 1221
190 1200
187 879
187 905
187 897
187 886
187 887
172 931
172 870
172 1010
172 819
172 805
196 944
196 922
196 961
196 1323
196 900
251 1161
251 1194
251 1204
251 1518
251 1462
90 694
90 506
90 493
90 570
90 528
50 456
50 419
50 398
50 380
50 374
127 766
127 906
127 734
127 793
127 604
1 34
1 35
1 35
1 34
1 34
105 836
105 760
105 688
105 699
105 693
144 677
144 905
144 717
144 878
144 673
14 157
14 152
14 163
14 124
14 112
14 156
14 190
14 131
14 146
14 132
27 291
27 204
27 218
27 253
27 245
148 985
148 1076
148 951
148 977
148 977
259 1257
259 1418
259 1280
259 1628
259 1556
94 667
94 526
94 610
94 627
94 583
78 614
78 567
78 399
78 509
78 483
118 753
118 654
118 621
118 762
118 721
299 2335
299 2259
299 2250
299 1887
299 1777
48 334
48 358
48 376
48 374
48 358
277 1401
277 1713
277 1310
277 1725
277 1336
234 1094
234 1087
234 1130
234 1036
234 1027
170 1025
170 1052
170 1038
170 1085
170 1035
268 1553
268 1827
268 1565
268 1565
268 1522
51 375
51 367
51 344
51 387
51 342
156 1214
156 1103
156 923
156 975
156 920
38 385
38 329
38 327
38 309
38 291
63 459
63 379
63 423
63 486
63 450
78 476
78 618
78 533
78 521
78 478
130 1008
130 730
130 825
130 865
130 835
275 1427
275 1308
275 1377
275 1769
275 1324
33 328
33 329
33 298
33 298
33 285
293 1469
293 1562
293 1445
293 1354
293 1355
34 266
34 295
34 275
34 276
34 253
241 1602
241 1652
241 1174
241 1555
241 1533
268 1635
268 1907
268 1676
268 1721
268 1650
43 334
43 350
43 307
43 323
43 290
154 943
154 916
154 909
154 953
154 924
300 1716
300 1552
300 1737
300 1431
300 1403
20 238
20 209
20 204
20 207
20 196
266 1426
266 1458
266 1503
266 1720
266 1233
285 1741
285 2012
285 1766
285 1757
285 1712
101 615
101 700
101 631
101 654
101 625
273 1807
273 1863
273 1441
273 1785
273 1678
282 1476
282 1449
282 1338
282 1311
282 1332
229 1375
229 1217
229 1087
229 1460
229 1344
37 272
37 305
37 296
37 275
37 263
132 1051
132 688
132 673
132 886
132 839
71 564
71 598
71 465
71 491
71 461
141 941
141 693
141 778
141 880
141 865
177 1027
177 1021
177 1096
177 1117
177 1031
280 1666
280 1345
280 1359
280 1656
280 1635
4 72
4 74
4 74
4 74
4 65
147 693
147 841
147 752
147 952
147 698
152 1059
152 1138
152 869
152 1011
152 964
235 1558
235 1170
235 1145
235 1456
235 1432
79 571
79 521
79 418
79 595
79 572
5 75
5 76
5 82
5 74
5 70
34 325
34 238
34 248
34 283
34 258
251 1848
251 1651
251 1689
251 1547
251 1487
117 718
117 808
117 740
117 714
117 693
242 1139
242 1120
242 1174
242 1103
242 1090
25 234
25 210
25 216
25 203
25 192
252 1577
252 1544
252 1496
252 1569
252 1507
248 1208
248 1325
248 1201
248 1158
248 1181
27 233
27 232
27 219
27 215
27 201
202 1249
202 1179
202 1250
202 1284
202 934
66 480
66 431
66 418
66 481
66 432
151 966
151 1091
151 966
151 1049
151 696
300 2174
300 1670
300 1766
300 1899
300 1765
299 1763
299 2108
299 1813
299 1852
299 1782
268 1294
268 1652
268 1311
268 1697
268 1182
248 1443
248 1437
248 1405
248 1588
248 1156
84 658
84 554
84 545
84 583
84 557
43 340
43 338
43 318
43 342
43 294
19 226
19 177
19 195
19 192
19 166
254 1610
254 1183
254 1539
254 1204
254 1198
92 501
92 621
92 613
92 473
92 465
44 423
44 345
44 377
44 327
44 319
283 1685
283 1643
283 1652
283 1367
283 1285
206 1583
206 1567
206 1557
206 1299
206 1254
127 639
127 691
127 665
127 658
127 610
130 866
130 914
130 749
130 830
130 790
248 1269
248 1719
248 1657
248 1190
248 1104
281 2108
281 1963
281 2093
281 1709
281 1655
10 132
10 103
10 109
10 98
10 86
46 323
46 338
46 317
46 338
46 314
220 1454
220 1329
220 1377
220 1098
220 1061
82 617
82 438
82 460
82 466
82 454
155 1129
155 1137
155 962
155 972
155 918
127 962
127 793
127 764
127 800
127 779
18 221
18 165
18 179
18 188
18 176
244 1322
244 1328
244 1359
244 1198
244 1126
281 1745
281 1847
281 1382
281 1809
281 1679
276 1657
276 1247
276 1371
276 1287
276 1238
79 571
79 577
79 462
79 553
79 523
280 1779
280 1851
280 1717
280 1771
280 1611
271 1399
271 1398
271 1424
271 1672
271 1215
255 1483
255 1397
255 1555
255 1259
255 1154
248 1615
248 1374
248 1161
248 1559
248 1535
273 1787
273 1480
273 1440
273 1741
273 1603
159 847
159 880
159 855
159 799
159 741
162 1023
162 781
162 787
162 1041
162 1007
272 1446
272 1501
272 1447
272 1349
272 1255
137 850
137 740
137 658
137 901
137 867
228 1275
228 1216
228 1189
228 1490
228 1125
44 277
44 348
44 280
44 371
44 326
247 1136
247 1154
247 1154
247 1484
247 1125
196 1402
196 1456
196 1426
196 1197
196 1142
182 1064
182 1316
182 1100
182 1120
182 1069
191 1176
191 1276
191 944
191 1182
191 1143
192 1283
192 1010
192 1040
192 1183
192 1165
81 718
81 719
81 635
81 585
81 540
195 1149
195 1326
195 995
195 1202
195 1137
272 1661
272 1930
272 1568
272 1734
272 1670
267 1993
267 1854
267 1972
267 1688
267 1559
45 515
45 428
45 399
45 378
45 355
155 773
155 756
155 799
155 750
155 748
190 1352
190 1407
190 1115
190 1195
190 1144
300 1523
300 1436
300 1434
300 1429
300 1418
6 85
6 93
6 81
6 87
6 81
46 428
46 407
46 409
46 349
46 336
264 1255
264 1406
264 1313
264 1194
264 1190
60 554
60 538
60 522
60 456
60 407
211 1309
211 1429
211 1027
211 1312
211 1273
283 1438
283 1539
283 1532
283 1288
283 1273
158 780
158 917
158 797
158 826
158 759
125 794
125 633
125 607
125 825
125 788
290 1719
290 1536
290 1398
290 1730
290 1654
89 666
89 559
89 577
89 574
89 527
25 179
25 243
25 221
25 234
25 163
237 1094
237 1547
237 1187
237 1104
237 1071
92 768
92 587
92 619
92 641
92 620
223 1171
223 1208
223 1201
223 1317
223 1032
19 185
19 191
19 174
19 187
19 169
203 995
203 1107
203 968
203 1331
203 974
295 2024
295 1548
295 1597
295 1882
295 1827
271 1569
271 1568
271 1645
271 1675
271 1657
295 1780
295 1630
295 1818
295 1796
295 1342
45 401
45 356
45 356
45 326
45 291
4 66
4 55
4 67
4 55
4 55
148 1196
148 700
148 780
148 957
148 940
2 46
2 45
2 46
2 46
2 39
248 1490
248 1337
248 1248
248 1518
248 1433
54 456
54 348
54 373
54 371
54 385
284 1313
284 1523
284 1419
284 1695
284 1589
270 1978
270 1866
270 2009
270 1690
270 1584
219 1182
219 1207
219 1280
219 1371
219 1000
217 1315
217 1530
217 1323
217 1359
217 1287
225 1423
225 1306
225 1408
225 1424
225 1070
142 1024
142 775
142 979
142 943
142 748
238 1144
238 1148
238 1143
238 1442
238 1101
283 1481
283 1553
283 1542
283 1310
283 1261
91 618
91 700
91 640
91 609
91 597
264 1274
264 1249
264 1219
264 1263
264 1220
217 1628
217 1435
217 1604
217 1384
217 1321
39 296
39 337
39 292
39 304
39 232
214 1593
214 1263
214 1273
214 1365
214 1296
53 479
53 420
53 422
53 419
53 380
79 536
79 574
79 557
79 544
79 505
65 610
65 475
65 464
65 473
65 460
252 1505
252 1735
252 1256
252 1450
252 1431
165 1077
165 1148
165 1081
165 1131
165 1002
141 1052
141 894
141 846
141 973
141 922
233 1388
233 1336
233 1163
233 1506
233 1396
230 1387
230 1376
230 1355
230 1452
230 1378
181 1169
181 997
181 972
181 1119
181 1102
131 825
131 727
131 657
131 854
131 803
259 1199
259 1383
259 1250
259 1635
259 1163
147 753
147 723
147 745
147 937
147 698
220 1340
220 1330
220 1098
220 1396
220 1322
156 1340
156 1184
156 1257
156 1002
156 986
185 1247
185 1281
185 1239
185 1183
185 1154
147 719
147 813
147 736
147 707
147 697
160 1239
160 799
160 797
160 1025
160 996
179 867
179 824
179 883
179 834
179 827
31 327
31 313
31 308
31 254
31 247
244 1170
244 1360
244 1191
244 1498
244 1102
20 214
20 160
20 138
20 193
20 177
300 1399
300 1418
300 1428
300 1808
300 1338
47 354
47 334
47 341
47 394
47 264
159 1040
159 1010
159 996
159 762
159 775
168 1011
168 1032
168 1040
168 1042
168 985
277 1303
277 1295
277 1352
277 1305
277 1231
67 527
67 462
67 436
67 460
67 453
103 689
103 625
103 609
103 633
103 619
211 1096
211 1189
211 1174
211 991
211 968
283 1669
283 1896
283 1729
283 1670
283 1606
42 311
42 355
42 327
42 272
42 240
41 342
41 261
41 320
41 334
41 304
196 1403
196 1212
196 1158
196 1259
196 1200
143 716
143 882
143 717
143 919
143 858
64 481
64 481
64 463
64 473
64 437
245 1255
245 1234
245 1300
245 1544
245 1081
289 1807
289 1471
289 1447
289 1758
289 1670
148 779
148 851
148 858
148 910
148 699
288 1699
288 1747
288 1748
288 1743
288 1660
6 97
6 93
6 88
6 94
6 87
199 1020
199 1099
199 1058
199 974
199 912
260 1597
260 1798
260 1295
260 1687
260 1541
11 132
11 116
11 107
11 115
11 108
57 415
57 416
57 364
57 433
57 396
297 1830
297 2003
297 1458
297 1862
297 1802
156 951
156 759
156 779
156 974
156 932
89 639
89 495
89 640
89 627
89 596
124 827
124 889
124 831
124 830
124 754
60 465
60 486
60 448
60 444
60 435
288 1322
288 1503
288 1380
288 1695
288 1292
113 822
113 699
113 781
113 703
113 684
205 1188
205 1106
205 1027
205 1214
205 1170
207 1355
207 1367
207 1200
207 1342
207 1326
209 1002
209 1068
209 983
209 1354
209 963
266 1635
266 1634
266 1551
266 1719
266 1658
167 1027
167 1192
167 838
167 1039
167 1015
54 382
54 348
54 317
54 388
54 363
22 223
22 184
22 183
22 195
22 173
271 1705
271 1376
271 1291
271 1703
271 1689
295 1823
295 1391
295 1474
295 1790
295 1756
51 416
51 385
51 316
51 382
51 372
58 401
58 467
58 336
58 438
58 382
29 319
29 211
29 264
29 246
29 225
56 387
56 437
56 301
56 429
56 392
137 853
137 1011
137 830
137 886
137 830
299 1365
299 1397
299 1441
299 1398
299 1323
119 660
119 668
119 633
119 770
119 736
176 1136
176 1137
176 841
176 1138
176 1090
188 1550
188 1322
188 1304
188 1215
188 1171
143 890
143 780
143 700
143 921
143 893
112 786
112 765
112 764
112 752
112 756
148 953
148 814
148 743
148 983
148 963
158 938
158 1033
158 944
158 991
158 927
276 1930
276 1681
276 1642
276 1660
276 1571
190 920
190 1121
190 955
190 893
190 871
146 886
146 921
146 912
146 972
146 685
5 81
5 81
5 81
5 69
5 62
91 635
91 656
91 705
91 612
91 603
115 624
115 653
115 575
115 790
115 746
92 564
92 497
92 486
92 592
92 564
132 992
132 776
132 771
132 935
132 860
207 1011
207 1003
207 1015
207 952
207 942
160 963
160 992
160 959
160 1032
160 985
21 182
21 202
21 178
21 200
21 182
234 1205
234 1250
234 1250
234 1165
234 1096
246 1558
246 1518
246 1539
246 1537
246 1515
144 1088
144 1072
144 1030
144 930
144 896
29 256
29 223
29 259
29 235
29 207
240 1452
240 1605
240 1200
240 1436
240 1383
286 1926
286 1326
286 1363
286 1845
286 1855
230 1158
230 1241
230 1238
230 1515
230 1033
100 869
100 729
100 720
100 644
100 628
297 1760
297 1764
297 1430
297 1794
297 1722
271 1909
271 1803
271 1763
271 1680
271 1692
17 180
17 144
17 140
17 158
17 151
282 1842
282 1932
282 1926
282 1754
282 1629
300 1784
300 2055
300 1800
300 1776
300 1754
22 188
22 200
22 172
22 216
22 141
273 1290
273 1442
273 1312
273 1623
273 1241
1 34
1 35
1 35
1 35
1 35
62 454
62 351
62 445
62 450
62 434
293 1411
293 1621
293 1413
293 1782
293 1349
129 990
129 895
129 771
129 847
129 808
154 1024
154 1060
154 849
154 983
154 933
49 351
49 379
49 290
49 367
49 331
86 495
86 617
86 507
86 459
86 444
277 1363
277 1531
277 1331
277 1315
277 1308
172 1468
172 1346
172 1361
172 1155
172 1116
169 1025
169 1113
169 1012
169 1075
169 1011
142 1063
142 787
142 831
142 931
142 904
143 1118
143 747
143 705
143 899
143 888
211 1059
211 1166
211 1148
211 1389
211 1007
190 1121
190 871
190 933
190 1173
190 1139
204 1355
204 1266
204 1263
204 1023
204 1022
96 641
96 711
96 558
96 631
96 575
102 801
102 822
102 561
102 704
102 654
20 185
20 197
20 191
20 180
20 161
154 786
154 815
154 822
154 988
154 718
86 700
86 622
86 514
86 586
86 546
262 1287
262 1760
262 1350
262 1206
262 1204
263 1349
263 1415
263 1361
263 1236
263 1174
297 1374
297 1627
297 1388
297 1768
297 1357
192 941
192 980
192 914
192 900
192 889
8 109
8 96
8 104
8 92
8 82
37 316
37 308
37 313
37 278
37 270
90 755
90 507
90 468
90 645
90 601
277 1303
277 1252
277 1322
277 1731
277 1253
187 905
187 880
187 901
187 928
187 886
24 274
24 208
24 231
24 225
24 211
181 889
181 1198
181 878
181 1144
181 1077
205 1573
205 1248
205 1302
205 1298
205 1242
53 449
53 382
53 420
53 396
53 378
100 766
100 591
100 517
100 663
100 620
248 1164
248 1286
248 1204
248 1195
248 1143
195 1035
195 1038
195 1062
195 1195
195 901
179 1067
179 832
179 891
179 1105
179 1039
