1120 1980
483 890
474 957
112 235
105 228
9900 15219
658 1198
546 1068
1152 2388
380 861
30 68
28 47
15 28
0 10
0 10
265 581
260 496
54 120
392 836
53 162
988 2017
1500 2950
312 617
305 677
0 57
4725 8258
407 485
153 326
189 443
71 219
30 68
217 444
28 66
28 63
5 18
276 597
42 94
54 114
102 258
0 52
279 503
116 228
351 599
9 24
8 26
345 682
63 150
70 108
99 234
28 87
567 979
5544 10177
1482 2611
1020 2104
12 31
2790 5522
1008 1874
646 1195
2014 4031
0 101
2 8
0 4
2 8
0 4
0 4
2040 3388
406 761
624 1088
352 751
80 206
80 174
135 280
56 122
20 56
9 30
840 1679
2301 4259
1005 2009
216 507
0 72
32 68
42 89
48 101
10 28
0 7
318 687
132 315
80 203
171 401
53 165
72 151
1128 2171
209 435
106 271
0 6
100 199
324 579
100 139
135 296
23 72
12 29
168 302
91 192
252 539
33 102
3441 6467
4399 8242
748 1410
2310 4672
202 511
729 1531
237 559
70 153
258 605
83 255
923 1884
782 1512
300 608
222 523
67 204
900 1843
325 718
153 326
400 883
78 240
2 8
27 60
8 23
27 69
0 12
5246 9054
3136 5596
5394 8629
1088 2190
186 437
672 1269
25 58
176 366
144 324
0 35
10 32
18 47
4 13
0 10
0 9
0 4
1 9
0 3
0 4
0 4
125 275
408 808
104 219
108 246
0 29
36 69
78 153
45 98
4 15
0 8
27 67
49 106
20 42
0 11
0 13
0 3
0 3
0 3
0 3
0 3
33 81
8 27
16 43
0 11
10 33
49 105
492 999
144 307
574 1218
0 80
294 455
480 970
672 1292
260 569
12 33
49 108
528 1087
90 191
6 18
0 8
146 371
36 81
65 146
640 1347
156 393
306 602
44 95
20 42
90 198
0 20
810 1681
3675 6645
184 394
1302 2654
176 443
50 128
187 358
11 36
120 274
0 30
816 1624
43 132
200 380
0 55
104 264
16 40
16 40
12 31
5 18
0 8
3069 5816
3266 6128
2520 4625
752 1586
102 309
484 972
456 899
374 761
120 283
44 138
833 1638
741 1476
817 1653
56 171
0 56
342 745
60 133
90 198
816 1662
64 195
686 1398
551 1069
126 265
172 390
0 46
240 491
800 1396
925 1642
28 66
16 43
1053 1810
111 228
1360 2229
70 150
18 48
336 600
117 252
40 82
0 21
34 92
45 97
15 38
32 71
60 139
5 18
33 81
33 80
28 66
0 16
9 33
924 1847
1428 2668
252 515
416 890
0 53
462 769
182 380
96 207
84 192
0 26
60 135
1548 2828
54 120
414 876
44 135
880 1801
3948 7204
144 309
1176 2418
88 267
272 497
176 347
285 499
38 101
0 21
100 208
432 876
140 297
30 69
14 38
56 122
168 343
187 380
14 33
14 38
18 39
224 467
72 156
6 16
5 18
250 548
120 284
216 467
216 485
102 261
144 210
34 76
25 43
135 298
0 28
365 805
3 10
40 88
438 936
71 219
513 1077
1378 2635
294 624
130 329
0 62
140 185
1295 2353
288 540
494 1006
3 12
7533 12075
3053 5816
1660 3242
1020 2072
332 747
192 342
506 836
198 379
27 87
0 30
1073 1935
324 642
8 23
76 197
36 111
30 69
310 555
115 256
12 31
10 28
6 16
7 18
5 14
3 10
1 6
305 671
117 125
80 183
315 696
60 183
49 110
21 52
35 63
24 63
0 12
1116 2070
184 383
88 190
175 388
35 111
160 331
595 1113
546 1077
40 88
14 38
36 84
24 55
21 52
26 72
11 39
68 153
54 133
65 142
38 101
15 48
336 634
117 250
288 556
112 283
14 45
259 559
5 18
72 152
41 126
78 202
598 1171
836 1607
555 1075
188 428
0 51
18 45
7 24
33 80
420 897
6 21
440 935
192 435
396 839
310 681
124 313
6 17
9 24
12 27
2 9
0 5
1036 1792
675 1224
1292 2321
1476 2990
30 73
35 75
28 73
80 179
154 391
16 43
54 117
92 191
176 377
27 61
6 21
6 21
3 15
6 19
0 5
3 15
1989 3721
2346 4270
1794 3416
420 906
168 396
40 81
27 54
18 41
12 39
13 42
304 538
182 342
240 426
36 96
0 22
60 129
48 105
165 324
657 1377
6 21
756 1580
605 907
135 288
182 461
0 91
1287 2223
264 548
1131 2065
136 309
102 244
2450 4277
184 418
56 123
265 582
0 57
112 236
81 167
42 93
39 97
28 76
256 502
192 387
48 105
72 165
17 57
210 406
1450 2796
384 778
325 713
0 10
120 200
130 255
135 246
9 30
0 11
1496 3063
280 582
323 647
714 1521
95 291
4 12
200 391
15 37
44 114
21 66
720 1517
420 916
531 1124
174 442
92 282
902 1871
4180 7877
286 597
1209 2478
264 618
1782 3371
2430 4443
1410 2660
704 1453
62 189
1148 1742
880 1579
1312 2370
42 94
40 93
1113 2132
1457 2801
950 1807
183 431
58 177
143 270
13 30
11 26
30 82
0 15
70 150
240 542
187 394
30 69
18 49
77 155
36 75
70 115
9 33
0 11
702 1152
336 663
48 127
28 87
0 32
290 595
120 251
70 137
270 545
29 90
6480 10717
4899 8510
4544 8054
558 1207
0 98
242 373
144 275
91 181
15 48
13 45
468 1018
525 1123
140 297
946 1952
172 433
444 802
240 493
408 755
228 515
32 75
1927 3277
81 129
80 155
46 141
135 320
2673 5327
2856 5540
714 1345
688 1450
83 252
180 345
110 237
104 216
26 68
11 39
75 179
740 1388
120 262
300 678
18 57
448 949
182 345
54 120
65 198
65 198
40 93
18 52
45 105
0 13
0 13
3050 5652
2900 5346
2300 4272
413 876
212 480
980 1749
567 1109
130 273
216 465
34 108
80 174
42 90
48 79
24 60
0 11
630 1126
102 159
767 1000
455 967
14 38
132 226
66 109
105 190
39 94
0 15
3422 5754
306 659
784 1483
426 918
63 192
870 1796
276 526
77 168
900 1867
182 459
49 108
528 907
135 288
42 96
12 33
1258 2241
136 305
224 403
132 313
84 213
472 688
440 748
406 673
0 3
24 57
288 595
12 29
55 118
50 131
25 81
720 1514
3198 6145
120 257
612 1324
92 282
450 993
292 659
456 989
552 1195
0 96
77 144
88 187
120 236
8 30
18 48
0 3
110 230
39 94
376 796
0 3
1218 2426
1504 2887
851 1658
528 1124
0 65
165 258
55 114
550 1052
285 625
220 498
361 603
150 297
280 472
63 150
0 23
476 940
180 363
304 597
60 157
0 36
35 78
155 269
136 292
612 1258
12 33
1144 2109
2244 4087
1440 2691
570 1198
54 165
539 877
132 242
108 228
15 38
0 13
825 1624
1056 2009
645 1308
371 788
55 171
114 269
154 313
30 78
190 421
38 120
1292 2326
1360 2453
1168 2144
72 159
45 108
49 112
56 119
14 33
14 41
0 10
32 71
252 514
114 246
0 3
0 9
2 9
264 540
12 33
25 78
2 9
217 427
484 795
600 1135
78 163
22 58
72 156
780 1626
153 326
48 103
9 30
475 813
414 721
500 806
34 89
0 20
3536 6100
630 1218
675 1363
711 1488
71 216
525 880
4331 7388
836 1326
78 165
28 66
176 395
1260 2327
168 382
92 233
84 216
4 13
87 209
8 27
0 48
10 28
126 239
352 576
360 618
430 863
4 15
6 21
288 591
26 68
2 9
0 5
816 1333
560 994
264 479
210 440
27 84
460 870
45 93
105 218
24 75
22 72
975 1988
120 255
240 494
546 1173
146 368
204 385
96 174
105 175
84 183
0 13
16 42
3 9
0 3
4 15
0 7
3162 5243
1862 3143
324 636
320 699
130 328
30 66
6 16
168 360
212 533
2 9
183 431
483 1030
186 437
216 511
132 334
567 1203
1372 2652
1518 2818
256 580
0 71
132 277
70 148
110 224
0 29
0 28
34 89
16 36
9 25
18 60
0 21
4140 7416
670 1295
1022 1852
567 1199
300 654
16 37
527 1051
150 292
3 10
2 9
104 214
385 850
171 364
658 1405
20 53
140 322
21 53
27 66
152 345
0 37
256 547
532 1080
77 168
164 371
34 105
870 1610
516 1034
198 427
144 327
33 105
1287 2413
870 1569
806 1456
246 537
40 123
84 173
736 1313
35 75
36 84
0 14
2256 4224
400 656
2639 4654
110 234
95 212
320 575
288 499
120 238
80 182
0 22
869 1796
3060 5754
864 1797
455 1003
86 261
686 1400
966 1902
540 1054
530 1104
108 277
243 499
510 1022
24 54
64 163
0 31
54 120
236 535
45 102
675 1411
73 222
160 330
126 268
126 262
105 233
0 26
1820 2908
280 509
306 497
164 368
0 40
36 84
1550 3034
60 135
885 1814
8 27
660 1353
232 525
276 579
216 510
219 514
621 1303
2106 3985
119 257
140 354
0 74
338 677
448 913
255 503
550 1211
19 60
1216 2239
770 1457
36 87
308 642
42 129
15 36
75 158
56 129
5 14
3 12
2070 3834
1247 2309
387 671
0 49
180 407
0 3
612 1189
136 245
7 18
0 3
2726 4870
240 493
731 1393
444 958
66 201
128 291
560 1117
30 73
78 199
117 275
4480 7338
3410 6342
3888 6724
852 1742
67 207
850 1756
144 367
650 1342
672 1419
166 419
80 169
81 161
8 20
33 81
10 33
2128 4066
2275 4319
1696 3224
688 1457
0 81
184 304
638 1190
57 120
18 32
8 27
168 347
644 1168
125 215
14 38
7 24
480 931
420 792
360 708
238 504
0 42
7802 13412
1241 2318
1848 3624
1649 3286
94 285
4416 7919
690 1430
3906 7030
539 1156
0 69
1800 3618
312 635
170 349
890 1869
95 288
623 1042
988 1810
1020 1691
152 302
21 55
600 1195
768 1447
702 1279
1358 2755
14 45
150 354
902 1811
432 856
552 1134
0 48
294 597
162 330
700 1192
350 754
0 10
128 291
364 724
130 289
144 325
0 39
2 9
0 4
2 8
0 5
0 5
1272 2553
1760 3163
1188 2238
354 770
0 59
108 245
99 237
155 343
62 158
29 90
171 364
40 91
99 212
496 1024
0 66
12 31
525 932
80 184
0 3
4 15
110 208
72 147
100 186
0 16
0 15
600 1056
300 599
224 356
104 241
0 29
1464 2890
1539 2983
1175 2336
378 821
186 440
5070 8779
4089 7463
4788 8684
1260 2539
82 252
115 253
44 102
63 138
525 1121
73 222
217 444
780 1583
84 162
8 23
0 8
20 38
2 9
5 15
0 6
0 6
77 163
16 40
10 25
36 97
0 19
98 206
16 40
39 68
40 123
0 9
1584 2565
126 248
728 1019
1222 2508
78 169
12 31
180 388
18 45
4 13
6 21
180 309
40 89
119 221
36 90
0 13
308 614
105 220
200 408
224 467
0 29
442 809
832 1432
760 1491
56 123
36 87
63 110
18 42
40 78
16 46
0 10
72 153
504 1023
697 1351
45 98
10 28
40 86
10 31
12 32
7 24
0 12
7568 12576
4002 7285
5913 10096
1485 2995
294 689
20 47
129 305
54 120
21 48
2 9
816 1457
368 679
60 114
148 339
0 37
806 1500
3034 5652
407 781
637 1350
19 60
450 904
28 66
150 298
188 425
141 332
803 1670
384 834
154 333
332 750
0 83
574 1226
300 675
136 292
595 1268
79 240
18 42
64 139
126 268
10 24
0 6
1 6
0 3
0 3
0 3
0 3
1035 2140
234 452
342 693
207 488
0 71
20 39
18 45
35 75
0 8
5 21
1681 2781
897 1752
400 783
41 126
40 123
27 60
364 761
33 59
287 613
0 6
2 12
1 6
0 3
0 5
2 9
1008 1961
1120 2073
378 773
230 509
0 47
588 1041
451 846
312 651
21 48
7 24
44 92
32 51
451 727
90 213
4 13
266 564
1152 2175
344 714
135 320
41 126
63 122
4 13
8 21
10 28
0 9
328 667
63 132
21 52
50 153
0 10
4221 7070
5451 9285
3672 6490
760 1592
288 649
1140 2370
322 615
192 392
896 1884
0 108
3752 6656
1972 3704
3024 4982
476 1023
138 348
658 748
852 1654
1034 1827
740 1508
207 489
3672 6503
207 389
84 187
528 1120
71 216
756 1399
18 40
78 162
54 138
0 32
192 338
8 9
24 53
15 48
0 16
18 45
4 15
16 36
0 10
0 9
45 84
88 151
56 105
0 6
0 7
425 827
315 630
90 172
165 363
0 30
9 27
2 9
4 15
0 6
0 5
1495 2905
306 575
360 697
1377 2736
70 213
91 189
66 146
80 170
48 112
0 15
920 1926
55 124
120 258
324 760
330 773
78 130
84 147
168 294
42 109
4 15
87 209
350 657
66 157
245 511
0 40
390 864
1422 2792
50 128
630 1353
85 261
0 3
0 3
0 3
0 3
0 3
36 79
9 24
91 198
6 18
0 9
581 1239
3355 6091
171 361
270 634
340 765
1736 3271
2166 4077
1551 2857
192 451
118 298
442 879
95 177
105 179
120 273
31 96
980 2040
3154 5943
740 1547
270 633
96 291
575 1015
98 186
192 366
75 181
0 27
406 867
2030 3994
285 628
355 778
0 68
2108 4102
2632 4707
2170 4143
836 1741
73 225
396 828
782 1448
429 885
144 338
98 248
62 158
480 969
22 61
120 282
0 39
20 63
252 497
3 12
92 212
22 69
484 910
24 52
76 147
75 181
48 123
110 192
8 20
12 23
0 13
0 13
54 121
54 117
120 260
24 57
27 66
85 178
176 299
68 142
104 238
12 31
105 172
96 197
170 268
27 66
0 10
80 165
60 126
11 36
172 393
0 4
306 600
24 52
48 102
36 96
0 21
1190 2002
96 199
42 97
205 448
36 111
108 237
44 95
120 258
130 328
6 21
0 3
10 28
12 33
0 4
0 3
1287 2139
132 229
507 676
155 342
0 35
770 1255
240 444
2146 3579
85 178
21 52
189 399
40 91
108 231
584 1234
20 63
280 539
260 491
36 93
80 183
0 20
75 149
63 132
100 172
84 199
0 8
176 400
162 313
40 91
208 474
98 251
72 140
110 183
30 66
0 3
0 10
340 690
480 976
312 598
144 328
35 108
44 113
38 102
38 102
21 66
0 24
56 122
77 143
63 122
6 21
0 11
220 485
170 376
145 319
240 529
141 331
143 277
91 191
168 348
24 63
12 39
1027 2107
3239 6092
923 1920
1027 2097
80 243
255 515
264 524
208 432
505 1108
13 42
16 36
30 65
36 77
0 12
0 4
576 1214
2278 4539
576 1213
897 1857
66 204
121 245
924 1881
150 299
45 89
36 84
5135 9073
360 790
5548 9790
225 529
0 74
330 626
215 438
660 1085
296 669
12 33
408 831
555 1110
372 750
36 111
0 40
153 274
98 196
112 182
35 84
0 11
680 1434
2664 5134
77 168
776 1636
0 93
459 891
110 244
210 393
108 249
0 32
20 45
120 229
168 340
37 114
35 108
378 691
44 113
252 500
196 422
0 30
6 21
30 69
4 13
0 8
0 7
243 484
360 698
66 126
60 157
0 34
24 63
54 121
8 21
8 27
0 11
4340 7705
288 651
462 990
648 1379
73 225
520 1065
748 1415
162 316
80 207
117 276
5 21
6 20
2 9
5 18
5 21
616 1102
729 1401
1078 1935
48 103
32 75
5994 10284
1173 2153
1470 2747
1106 2219
312 707
40 93
50 105
50 113
30 68
9 30
42 86
115 227
30 67
88 223
12 33
38 101
247 490
60 143
0 21
0 20
99 203
312 635
108 228
714 1532
6 21
40 91
42 93
88 198
76 231
7 24
624 1182
275 564
72 150
84 203
28 90
12 31
320 705
30 73
553 1179
18 45
630 1333
558 1169
162 332
770 1590
146 368
42 94
185 337
52 120
420 903
0 9
1863 3589
378 816
1344 2529
81 246
0 80
1728 3403
333 669
660 1229
850 1778
304 686
510 1098
243 570
90 201
909 1912
192 484
817 1598
1200 2082
308 544
343 731
0 47
16 36
187 363
144 248
20 66
0 5
480 942
676 1193
684 1154
99 210
22 58
564 1221
567 1218
365 798
0 109
96 294
3320 6355
3053 5755
3285 5966
1144 2342
88 267
483 850
39 84
152 315
150 326
0 25
790 1071
1065 1873
1184 2123
48 103
0 11
3360 5753
1922 3686
3127 5792
512 1080
64 198
40 93
15 38
34 88
18 42
12 33
588 1258
225 528
112 242
450 997
172 433
960 1677
198 413
480 782
124 280
0 33
990 2050
68 156
152 326
100 306
372 844
16 39
4 13
18 45
216 474
0 8
4278 7502
1001 1860
1474 2310
792 1639
65 201
1 6
0 3
0 3
0 3
0 4
22 58
90 192
26 69
10 36
0 12
2668 4635
2254 4237
660 1135
324 703
147 346
1344 2617
1500 2888
486 993
162 380
0 61
1581 2967
1428 2774
228 492
0 60
0 57
66 145
672 1256
30 68
54 120
0 13
203 436
336 630
114 246
132 301
0 35
578 1153
731 1429
228 446
160 363
0 39
1914 3535
60 133
1134 2239
48 111
23 72
3268 6170
391 769
1218 2226
522 1122
0 87
5226 8454
2013 3976
391 771
923 1890
0 75
688 1319
48 107
133 249
168 379
0 46
8400 14439
750 1398
1580 2748
760 1600
291 682
126 255
58 121
160 320
224 505
0 8
280 554
576 1001
528 990
720 1503
0 9
64 132
7 24
144 286
117 280
0 41
969 1972
1530 2976
720 1443
854 1749
0 66
460 788
240 480
72 163
50 128
22 72
667 1291
432 786
651 1217
117 246
20 63
644 1312
45 102
160 330
120 306
0 54
156 279
135 251
98 178
36 91
11 36
45 108
1232 2409
289 598
122 309
0 20
198 406
13 30
45 74
115 253
0 26
590 1235
1334 2482
100 186
704 1431
114 289
30 69
16 43
20 47
0 9
0 9
1980 3524
814 1564
840 1669
159 373
150 353
108 229
208 374
120 223
32 71
0 11
20 49
6 16
4 15
15 39
0 8
722 1360
952 1686
160 295
84 213
0 39
288 569
2436 4737
1050 2005
64 139
0 11
114 273
102 213
18 48
0 46
38 117
1 9
0 3
0 3
0 4
0 4
3 10
9 25
9 24
0 4
0 4
8840 14896
6510 11521
6758 10986
1840 3663
360 813
74 189
390 758
15 38
117 276
0 39
240 456
90 192
112 204
22 58
0 17
120 255
88 181
231 486
830 1746
9 30
406 866
896 1767
399 849
272 612
244 552
64 198
250 443
30 78
0 72
130 332
13 30
496 906
114 207
234 509
3 12
165 272
104 217
195 338
9 30
0 13
1425 2553
732 1296
1022 1908
710 1489
26 68
1 6
0 4
1 6
0 4
0 4
516 1122
1036 2093
140 298
408 918
192 486
175 386
128 293
140 311
0 38
0 40
12 29
10 31
4 12
5 21
0 6
2028 3992
2112 4124
1922 3817
340 764
81 246
567 1221
45 108
84 192
522 1127
172 433
1628 3168
552 1050
405 828
664 1379
79 240
76 193
99 233
81 191
180 399
38 120
420 680
448 774
715 1156
72 155
22 58
256 466
12 30
64 135
56 129
17 57
42 89
48 107
36 81
0 9
0 10
0 18
192 400
15 48
21 66
19 60
333 702
90 165
63 136
216 474
0 41
266 374
108 178
148 211
124 283
30 96
45 98
102 183
99 180
160 357
8 24
520 893
60 127
30 69
56 143
0 31
168 363
0 15
105 221
45 102
42 108
287 613
140 320
64 139
230 501
0 45
114 204
858 1628
260 509
287 604
4 15
208 432
42 88
168 351
63 138
16 51
36 41
306 570
252 453
9 22
0 4
923 1451
129 233
1188 1915
96 201
22 58
121 239
40 88
22 49
30 69
8 27
66 142
9 24
99 210
60 128
7 24
231 464
220 495
154 305
42 84
0 10
495 876
276 493
129 264
42 93
22 58
168 323
35 83
66 144
70 152
0 18
256 497
273 481
330 593
240 520
18 45
176 316
14 32
18 23
24 54
8 27
81 163
132 279
140 297
30 76
16 43
189 408
280 546
144 306
54 142
27 87
54 101
18 45
48 97
0 9
0 9
408 699
60 129
63 128
140 294
0 21
384 838
338 669
80 174
154 388
0 72
342 604
160 327
162 226
15 51
0 21
246 397
66 113
28 66
15 36
8 27
92 233
1275 2438
171 294
413 872
110 279
575 1125
75 145
147 285
66 157
0 27
168 303
26 46
22 49
32 83
0 18
490 1056
3648 6619
552 1158
156 394
0 75
616 1112
546 1032
646 1207
21 52
15 48
378 817
1800 3291
85 190
816 1653
134 341
292 476
123 252
355 603
138 258
14 38
52 99
84 181
98 189
96 199
0 15
792 1651
1296 2624
468 1014
1976 3945
102 312
100 164
24 54
27 66
100 218
18 57
738 1312
555 1044
176 366
1144 2386
32 75
192 333
30 73
630 1247
8 21
6 18
78 171
144 298
84 176
0 15
0 16
165 320
70 149
144 249
34 89
0 20
357 570
380 617
342 586
48 118
14 45
300 582
3600 7081
825 1610
672 1443
0 11
4422 8042
2501 4796
3111 5824
876 1808
204 479
342 591
2756 4758
460 824
70 148
6 21
1 6
1 6
1 6
0 4
0 4
20 48
30 65
28 67
18 45
0 9
3782 6458
4154 7077
812 1339
1095 2220
256 579
630 1340
952 1963
420 902
672 1422
261 613
3200 5716
720 1149
516 968
490 1053
71 216
0 4
0 4
0 4
1 6
0 4
320 672
390 858
198 418
430 947
56 144
210 453
72 140
110 234
32 83
138 302
144 286
518 1101
228 478
26 57
30 73
6699 12030
7980 14157
6935 12435
686 1456
174 441
12 30
9 27
12 34
3 15
0 6
856 1813
312 704
170 336
416 939
214 538
670 1322
4556 7698
650 1314
55 118
9 30
22 59
30 60
6 18
16 51
14 45
765 1209
1377 2707
1053 1989
36 79
64 139
265 438
341 573
663 1254
104 264
90 229
96 211
306 551
55 124
24 58
13 42
448 957
10 33
128 268
150 379
0 70
540 1126
36 78
77 149
413 879
116 294
216 371
22 61
136 231
13 42
26 68
192 436
78 199
160 355
288 621
98 252
700 1270
242 478
450 816
155 343
28 87
90 178
128 267
180 358
328 689
0 10
1320 2484
116 239
345 677
232 521
0 64
170 359
54 104
33 65
32 86
0 21
105 248
507 1037
185 407
86 218
39 120
2158 4219
3053 5745
286 553
1260 2563
0 84
324 695
224 409
64 139
448 931
0 59
84 177
585 1033
196 410
511 1086
6 21
200 412
112 202
130 221
371 785
0 10
525 978
464 905
644 1294
24 59
26 68
0 4
0 3
0 3
0 4
0 4
45 102
3392 6214
90 198
55 118
8 27
924 1830
1232 2422
270 487
795 1598
90 228
928 1661
196 374
81 163
204 482
0 16
12 35
28 63
15 41
12 36
0 8
285 485
2208 3877
605 952
48 100
6 21
296 603
54 114
228 347
24 55
8 27
5396 9511
4824 8375
1400 2504
847 1751
207 487
88 174
292 659
110 231
370 815
10 28
138 281
408 719
780 1378
630 1331
3 12
0 14
50 111
5 18
30 78
30 78
80 173
230 388
153 310
12 33
10 33
360 653
240 495
18 45
46 118
25 81
2068 3967
2475 4515
1716 3239
260 578
48 147
286 568
63 136
77 164
150 330
0 32
348 744
1127 2114
230 507
336 730
112 283
684 1434
2010 3748
126 273
174 441
243 571
128 267
231 423
128 266
3 10
0 11
1110 2099
792 1538
132 278
396 818
0 36
612 1229
621 1236
640 1267
180 399
0 37
172 351
153 312
450 687
306 659
6 18
175 384
320 664
28 66
156 353
0 40
768 1554
75 231
910 1844
370 814
146 371
4 13
18 45
14 38
306 658
0 7
286 433
190 342
275 481
16 43
0 11
285 517
240 463
76 140
80 185
0 21
30 68
117 249
48 110
4 13
0 7
395 869
2263 4488
336 724
900 1859
83 252
18 42
135 257
80 155
402 867
2 9
2080 3628
224 440
99 201
440 932
0 58
1875 3657
160 239
390 752
308 697
77 237
2576 4932
3807 7243
819 1556
1030 2150
288 675
364 767
48 111
84 185
58 180
54 168
357 701
32 72
16 39
20 66
17 54
96 171
32 71
28 57
0 30
100 228
132 275
1175 2264
120 251
147 347
47 147
594 1290
3306 6307
395 873
412 927
102 309
52 136
297 591
52 136
217 464
28 90
3 12
9 22
4 15
3 12
0 5
300 544
903 1794
550 932
20 47
24 60
12 31
77 168
63 150
36 81
10 28
32 72
52 109
49 108
0 63
5 18
460 918
45 98
77 164
80 203
44 138
0 3
0 3
0 3
0 3
0 3
85 192
96 211
91 192
63 150
18 57
3355 5277
371 605
580 959
868 1738
0 65
290 475
80 167
196 348
120 277
0 12
6 24
18 45
3 12
14 38
7 27
676 1213
420 775
46 119
27 84
28 90
275 603
28 63
65 146
780 1557
58 177
7743 12923
4161 7129
1118 2031
688 1444
176 446
550 1158
490 1015
105 219
378 820
0 61
200 408
612 1159
1035 2005
22 49
0 7
84 178
402 870
225 478
186 468
24 57
56 120
54 116
64 136
24 58
0 10
4620 8021
4071 7096
1240 2378
1014 2072
152 384
8 26
3 10
4 14
0 7
0 7
589 1065
70 150
5 21
23 72
0 23
432 848
44 86
56 116
480 981
0 39
90 194
34 73
48 87
95 211
0 19
128 291
27 66
50 113
152 347
34 108
18 42
140 318
48 107
78 201
37 117
1260 2245
330 508
944 1517
128 244
36 87
45 98
115 238
136 292
12 30
3 12
288 616
322 615
63 114
120 269
37 117
42 93
93 192
66 146
30 68
0 10
486 962
51 99
3 12
120 270
108 245
330 498
72 104
275 300
270 581
0 9
221 375
84 180
39 85
64 147
16 51
273 490
0 3
0 3
48 123
0 25
555 1115
91 192
85 178
273 580
0 41
15 35
20 46
36 73
4 15
0 6
1224 2502
448 885
288 557
876 1793
142 358
1062 2092
168 336
252 489
552 1155
61 186
161 342
260 523
120 251
88 205
0 26
408 653
108 213
40 74
24 57
0 15
16 36
8 24
12 30
0 8
0 7
205 454
96 199
65 147
48 147
0 47
840 1589
48 68
125 210
240 525
0 41
100 193
40 90
33 55
24 66
22 58
609 1305
4264 7702
252 535
920 1894
0 97
0 8
9 24
0 7
39 123
18 45
2968 5118
1166 2301
54 113
1020 2068
0 64
1449 2838
2109 3845
232 475
759 1558
66 201
75 153
176 332
170 291
45 107
15 48
224 429
120 199
190 345
847 1748
0 8
720 1125
345 641
715 1304
48 107
18 48
190 366
96 191
130 248
20 66
0 23
240 446
200 394
200 395
0 28
22 69
845 1720
16 43
120 250
497 1066
144 366
480 1041
360 773
441 933
747 1544
240 566
2420 4331
180 331
644 1277
560 1170
165 389
6 18
9 25
6 18
3 15
0 6
1159 2123
462 692
672 1223
759 1540
14 45
1760 3082
98 206
222 453
172 393
43 135
133 279
72 165
117 230
38 101
0 19
30 77
9 33
24 62
0 14
0 13
56 122
33 80
99 212
24 57
28 66
1020 1900
540 1069
896 1566
34 105
29 90
333 631
735 1285
630 1043
28 63
5 18
259 547
30 73
63 134
80 206
37 117
6 18
10 28
8 21
0 7
0 6
549 1142
1770 3472
170 359
693 1455
0 64
462 940
95 167
91 192
220 485
92 237
3248 6266
3240 6276
2916 5600
1170 2426
117 354
40 62
30 65
49 99
0 8
0 8
230 505
760 1478
192 422
175 383
0 37
116 227
28 63
75 156
64 166
0 34
532 837
299 534
308 521
72 165
19 60
12810 20975
8448 15001
7872 13443
1008 2130
110 336
300 613
950 1928
832 1601
30 71
27 66
850 1523
54 117
20 51
0 39
0 37
1666 2693
66 126
450 650
120 286
114 269
132 272
415 913
152 326
560 1231
105 318
240 489
240 444
196 287
35 73
24 57
288 611
372 761
48 94
301 651
74 191
520 953
66 132
20 48
0 30
27 84
432 707
52 120
1943 3512
6 16
4 13
286 566
216 420
224 444
21 66
21 66
260 479
300 609
392 795
32 71
3 12
594 920
437 688
58 121
120 268
23 72
280 632
2520 4867
118 298
996 2061
237 556
120 276
90 171
24 55
155 335
0 34
102 240
704 1295
12 33
76 193
36 111
30 68
174 357
35 80
285 624
12 33
168 249
208 414
351 591
240 526
8 23
1472 2852
2052 3889
1475 2887
912 1864
70 216
2562 4423
2652 4317
1575 2890
583 1190
0 54
361 649
156 311
252 489
51 122
0 20
726 1270
120 234
224 393
144 307
0 24
5494 9185
1888 3531
496 896
438 944
0 72
156 274
90 174
108 184
20 57
0 15
5740 9274
2340 4313
1216 2264
588 1260
438 950
1672 3002
99 195
630 1249
258 557
117 276
304 555
12 29
48 102
88 199
0 22
1776 3352
18 40
65 138
384 816
0 52
432 902
140 292
182 381
520 1072
50 156
2576 5002
697 1387
527 1074
1000 2084
95 291
84 185
207 374
60 135
16 43
12 39
0 27
266 496
19 60
87 207
0 29
992 1802
495 1000
896 1623
117 277
34 105
102 214
66 141
30 68
48 118
0 19
160 336
165 337
54 120
51 125
0 23
1521 2523
315 522
440 714
387 806
78 202
140 290
75 159
288 583
6 17
4 15
12 39
700 1359
66 171
144 330
0 6
20 48
45 98
28 66
9 24
3 12
4 13
2 9
4 13
0 5
0 5
260 575
900 1749
200 442
605 1237
0 56
621 1086
253 498
460 816
0 27
0 31
936 1764
1188 2094
1472 2784
910 1898
60 135
533 1088
800 1539
196 392
264 578
82 208
252 541
60 116
40 87
72 186
0 40
51 108
48 103
273 541
15 38
15 38
90 171
104 148
270 425
112 256
54 138
784 1682
460 1007
120 261
840 1793
234 589
24 56
8 24
12 27
0 8
0 9
1580 3179
3105 5707
1416 2869
1377 2783
0 86
576 1166
116 212
75 158
156 367
46 144
210 438
658 1186
160 339
45 102
0 13
36 84
527 1055
25 58
190 424
37 117
204 412
340 611
304 589
594 1247
9 30
2 9
6 17
2 9
0 5
0 5
32 71
14 39
24 57
16 46
0 11
752 1580
120 262
207 440
95 288
93 285
1260 2596
546 1173
360 720
880 1827
90 273
1140 2346
75 168
162 346
693 1476
96 291
494 938
78 162
63 117
100 228
25 78
528 899
72 151
100 191
160 340
0 25
1056 1974
450 871
957 1644
36 114
102 242
36 84
2352 4239
36 87
45 98
14 38
10 25
15 31
20 45
0 4
0 5
561 1158
175 279
133 276
312 644
0 39
266 514
209 406
323 598
0 17
14 48
12 33
256 580
23 72
648 1375
14 38
6561 11006
315 556
553 844
602 1279
440 969
204 482
2100 3899
162 385
511 1093
213 503
18 42
6 18
56 123
4 13
4 13
215 472
123 290
45 99
539 1114
46 144
426 702
234 440
1742 2947
0 3
30 68
1 9
0 3
0 3
0 4
0 4
81 158
24 56
30 66
24 59
8 27
273 547
980 1759
800 1536
95 198
24 57
414 632
30 69
117 250
40 85
0 13
3120 5399
1705 3144
1372 2554
195 460
0 66
4020 6972
90 186
826 1571
504 1087
144 364
224 402
270 517
52 111
126 269
0 22
25 50
6 21
36 78
0 8
0 7
90 195
20 63
45 91
19 63
0 19
192 380
665 1299
180 343
480 997
28 73
8 23
20 53
33 80
20 48
15 38
40 93
44 95
20 48
45 141
90 231
204 357
0 3
0 3
68 159
15 48
100 213
247 495
240 469
30 68
24 59
30 75
27 66
21 56
11 39
0 13
1008 2086
60 138
168 353
474 1034
74 225
50 117
65 150
55 121
30 73
0 13
224 437
54 129
288 588
20 48
12 39
14 32
975 1880
280 553
18 37
2 9
159 324
3245 5829
637 1031
24 54
6 17
7056 12406
3145 5966
6636 11431
594 1291
0 93
476 1022
207 489
200 414
574 1223
150 381
132 281
308 630
150 315
21 52
0 13
1180 2445
6077 11343
940 1968
1035 2181
119 363
1023 1819
390 790
286 597
41 129
36 111
442 886
527 1020
578 1138
37 117
0 37
40 87
544 1091
80 173
40 87
6 21
40 88
85 178
30 68
182 387
0 6
4 13
2 12
4 13
0 7
0 6
2132 3436
1376 2469
1650 3103
49 108
60 143
12 30
136 280
48 107
1 6
9 24
0 7
4 16
0 5
0 7
0 7
192 327
72 147
104 169
0 17
0 18
1248 1964
1148 1890
1848 3090
24 54
30 73
310 510
986 1637
240 456
124 285
0 28
169 354
270 558
187 394
55 118
6 21
536 958
230 424
1024 1577
2106 4104
14 38
330 611
168 321
105 203
92 207
0 24
294 532
52 100
40 77
32 86
0 16
396 859
48 111
44 102
330 726
67 204
80 174
56 113
40 86
10 33
0 13
112 231
560 1088
130 204
14 38
4 15
27 51
63 124
50 105
96 219
44 117
50 113
15 38
140 302
140 353
10 33
2156 4209
3344 6178
1827 3532
1131 2314
162 409
44 94
248 500
250 516
424 894
2 9
637 1178
1548 2451
2002 3256
1365 2811
56 123
8265 13804
5775 10089
6664 11360
980 2032
465 1028
1088 2181
45 98
130 273
140 353
67 204
40 91
54 120
49 100
18 45
21 52
115 238
99 210
468 861
12 29
4 15
44 105
21 48
51 125
1224 2435
6 21
60 133
54 130
114 250
592 1256
207 486
567 886
55 89
42 93
50 128
0 23
336 623
204 422
150 278
22 72
21 69
35 15
798 1504
176 320
39 123
0 7
0 4
0 4
0 4
0 4
0 4
1085 1974
512 1009
270 429
0 42
0 41
12 30
41 126
40 91
0 45
3 12
18 39
10 25
21 41
2 9
0 5
18 48
42 84
4 13
0 9
0 9
126 237
6 16
18 41
0 17
0 18
252 570
1218 2272
258 560
224 511
0 62
132 270
663 1195
231 486
996 2070
246 578
374 705
0 3
210 407
162 344
25 78
504 863
234 458
12 31
0 26
0 25
248 522
57 87
56 122
180 399
0 36
9630 15721
7743 13280
7446 12645
1568 3150
188 477
50 95
84 180
140 294
54 132
0 21
168 370
567 1204
60 143
686 1473
25 78
45 98
30 73
120 255
0 5
0 6
150 353
51 156
176 402
399 842
0 60
552 1176
3534 5897
585 1230
300 677
0 76
19 60
66 146
12 39
68 155
0 20
2112 3370
1330 2439
400 719
369 763
42 132
256 428
110 233
105 196
15 51
0 18
84 175
30 57
38 54
192 412
23 72
28 61
400 778
210 423
0 27
34 89
1554 2777
75 156
350 648
50 156
47 147
390 810
76 174
308 641
618 1329
0 28
150 304
143 271
88 172
17 57
17 54
312 651
598 1132
297 609
48 107
16 54
22 61
64 131
36 84
24 63
0 14
1045 2189
2546 5058
150 318
380 855
186 468
996 2060
3360 6322
972 2013
714 1529
190 479
72 151
88 183
54 109
54 120
9 30
225 498
108 255
186 400
0 50
0 48
1173 2242
414 840
1430 2580
132 279
0 24
72 150
35 74
30 62
0 13
0 15
342 598
672 1267
836 1534
1740 3435
48 108
837 1766
4200 7702
860 1800
306 718
96 291
0 31
128 288
0 30
99 235
28 87
2520 4892
3444 6580
525 1024
1144 2369
98 297
377 771
396 718
154 325
50 108
0 25
744 1538
364 745
90 180
1110 2237
132 333
32 76
55 121
54 117
0 15
0 14
1794 3244
44 102
36 87
240 524
0 50
420 705
440 724
63 127
24 75
22 69
600 1201
24 57
154 301
45 138
0 46
200 447
41 126
648 1263
468 976
0 50
1078 2216
100 223
209 412
410 904
328 740
0 5
0 5
0 5
0 5
0 5
15 36
264 544
60 138
288 625
6 18
1012 1932
1421 2448
242 463
120 303
0 58
910 1902
224 465
153 303
532 1129
77 234
66 169
0 25
15 38
70 179
68 177
2 9
2 9
4 16
0 6
0 5
132 255
7 18
0 3
13 42
0 15
5159 9504
2079 3972
2914 5168
480 1043
77 237
203 426
527 1054
196 403
32 99
0 33
56 122
36 87
80 183
9 24
12 33
48 103
24 55
32 71
6 21
0 8
1326 2678
660 1382
696 1426
595 1262
0 87
126 270
455 895
153 326
49 108
42 101
40 85
40 88
25 58
8 30
0 11
496 864
552 957
798 1296
854 1711
18 45
126 258
84 171
64 139
84 191
0 23
270 552
1332 2511
288 586
880 1795
0 7
7332 12954
1140 2225
1606 2977
560 1234
0 100
736 1544
4876 9268
609 1290
618 1342
194 492
136 283
86 264
256 531
1056 2156
0 8
600 961
610 1074
742 1431
1148 2335
40 93
575 1097
72 104
115 194
90 213
28 90
88 189
64 112
39 81
60 134
0 14
63 115
7 18
20 23
14 39
0 10
1360 2532
50 113
1036 1751
63 129
34 88
20 47
54 138
132 286
0 6
3 12
272 463
88 177
144 271
0 18
16 51
810 1633
468 711
546 889
120 249
27 66
4290 7556
3658 6552
3380 5834
284 643
201 472
16 37
51 108
63 125
20 47
3 12
560 1106
770 1543
208 421
84 213
0 42
168 316
2808 5220
2201 4317
38 81
3 12
7310 11880
4048 7529
6630 11132
546 1189
0 92
12 29
0 3
0 3
0 3
0 3
26 69
66 149
30 73
42 102
0 18
1512 2400
900 1723
1235 2221
120 253
16 51
312 523
15 38
32 62
18 45
9 30
1672 2815
1530 2631
378 652
322 686
86 218
1360 2507
145 322
116 265
76 196
0 43
60 130
15 42
25 52
18 49
0 13
403 763
608 1165
629 1234
112 223
0 15
1128 2337
2618 5059
273 557
1500 3037
0 99
574 851
24 55
325 678
60 128
8 27
224 478
260 504
45 85
30 96
28 87
2025 3940
3096 5875
1740 3448
1760 3489
0 85
224 458
280 570
429 843
792 1661
9 30
414 806
624 1159
1690 3231
105 218
12 33
837 1765
490 932
60 135
258 607
174 441
2688 5278
611 1238
468 885
1395 2807
85 258
72 151
125 247
114 237
36 79
3 15
216 488
24 60
20 53
116 294
0 59
448 872
290 481
468 952
198 362
14 45
215 479
76 159
15 36
196 440
47 144
550 1075
288 564
275 549
609 1301
20 63
12 33
80 158
20 47
80 186
0 21
30 69
56 129
56 129
438 951
9 30
2754 4913
2808 4687
2704 4603
180 424
108 273
240 527
1881 3421
240 535
342 736
52 159
413 882
1400 2760
75 163
295 647
60 186
1008 2019
140 243
294 580
177 420
61 186
836 1323
810 1452
273 451
120 270
27 84
552 1127
1560 2927
198 417
366 796
0 58
273 641
4187 7280
248 560
980 2041
282 661
6320 11107
3726 6705
5530 9244
1462 2875
237 559
638 984
270 457
56 76
69 167
23 75
70 150
28 63
96 207
18 46
7 24
2450 4360
2688 4721
506 988
570 1189
224 505
341 716
192 395
180 381
144 298
0 25
0 6
3 12
0 5
2 9
0 6
306 608
210 392
208 377
17 54
18 57
99 210
704 1351
264 545
15 36
14 38
504 739
405 656
324 536
120 254
20 63
630 1293
2028 3755
120 255
142 358
68 210
261 534
510 936
875 1771
30 68
14 38
32 75
148 276
55 124
80 171
7 24
43 132
24 55
7 24
86 219
42 129
880 1812
276 561
198 421
672 1413
80 246
506 921
100 184
152 271
72 171
0 25
4 11
60 137
32 79
0 16
0 5
32 71
1870 3578
220 447
35 81
8 23
884 1514
88 201
200 380
70 178
0 37
290 568
210 428
360 712
195 458
18 51
24 60
25 58
16 39
16 46
0 11
48 115
152 311
70 153
803 1656
13 42
3240 6215
722 1350
858 1539
856 1807
109 330
608 1050
630 1096
1480 2511
558 1212
364 819
910 1667
1078 2064
1914 3432
837 1762
40 93
204 384
110 223
85 167
22 58
0 13
0 3
0 3
2 11
0 3
0 3
2444 4185
8 21
112 241
55 168
0 57
0 4
0 3
0 3
0 4
0 4
680 1426
407 695
220 460
814 1694
71 216
256 476
20 46
48 84
24 66
45 109
64 139
350 643
243 511
936 1922
144 363
6480 11249
3192 5902
5929 10848
900 1893
0 88
140 246
490 931
684 1341
292 658
8 27
520 1100
2208 4311
399 856
518 1110
0 71
966 1474
752 1327
1088 1677
962 1974
13 42
880 1425
168 320
513 668
208 469
16 51
88 190
120 255
112 234
296 666
22 58
420 784
504 871
741 1410
48 105
0 11
174 372
540 1005
160 354
90 214
0 35
132 262
88 187
60 133
110 233
28 73
4356 7199
897 1837
3480 5990
675 1412
142 358
44 92
108 222
24 37
0 19
0 6
4087 7146
448 695
570 993
852 1741
140 356
361 637
100 221
100 215
24 75
0 23
120 263
264 543
130 285
54 138
0 27
644 1129
176 370
144 308
26 81
26 81
945 1923
3087 5677
252 528
68 207
66 201
550 1150
1125 2088
774 1529
1064 2087
0 56
1568 2772
320 593
297 588
432 903
255 558
210 497
817 1555
147 318
960 1946
74 225
288 651
130 328
180 423
560 1186
0 80
770 1544
231 433
228 471
61 186
114 288
228 493
46 97
40 91
210 461
39 120
60 133
612 1154
100 219
1008 2083
0 11
70 150
35 80
72 144
100 253
6 18
585 1238
342 734
180 381
592 1247
0 74
3380 5696
1840 3129
2368 3663
343 731
53 162
1298 2536
1664 3169
1176 2241
378 823
248 560
21 52
180 374
50 113
8 21
5 18
2385 4218
36 86
28 73
171 402
53 165
45 85
10 25
80 170
10 25
4 15
165 261
126 226
112 200
20 54
22 58
80 171
697 1125
136 295
468 1015
0 13
56 106
6 17
0 3
14 38
7 27
100 216
38 81
180 383
900 1855
10 33
56 113
42 90
45 85
92 206
0 7
774 1521
528 1060
528 1053
12 30
24 59
270 583
46 141
230 510
104 263
0 49
90 182
42 90
184 394
56 119
7 24
273 552
90 200
70 147
21 66
0 25
240 514
160 291
120 247
52 133
25 78
144 297
585 1065
493 919
27 60
8 23
711 1473
2940 5410
1014 2086
255 598
0 83
22 49
132 263
66 139
3 15
0 5
80 133
9 24
60 122
52 121
0 17
2668 4993
638 1095
688 1238
650 1362
183 430
14 45
0 44
14 45
230 509
0 45
161 330
115 253
114 242
52 137
0 27
180 369
120 247
429 874
902 1859
0 9
2184 4269
351 685
189 375
1230 2513
84 255
36 77
250 496
315 635
370 781
5 18
800 1641
258 605
936 1929
360 814
0 88
4 18
4 16
2 9
0 7
0 7
144 299
228 404
250 513
30 65
0 10
960 1999
3240 5987
252 510
1288 2609
84 255
12 33
4 12
2 8
0 8
0 8
102 224
99 207
45 101
80 185
20 63
1710 3410
3760 6854
323 644
742 1577
105 321
252 551
28 63
50 113
301 648
44 135
272 499
40 84
238 419
74 191
0 37
418 847
666 1297
480 943
328 694
0 40
154 333
225 398
154 310
46 118
23 75
64 132
360 681
160 344
720 1512
16 43
868 1568
54 138
560 1101
33 102
30 96
384 815
377 770
135 281
371 785
153 363
390 861
1530 2974
225 493
380 838
79 240
50 113
150 274
48 107
710 1465
7 24
704 1484
395 873
558 1164
909 1886
288 675
408 848
1470 2690
75 168
159 373
0 57
32 83
27 60
5 14
45 107
0 20
54 108
7 21
0 3
20 47
5 18
679 1443
325 666
162 345
300 703
0 104
1456 2921
114 250
416 846
294 690
96 294
133 280
88 179
18 42
36 93
19 60
56 128
208 362
16 39
112 245
15 51
180 297
6 16
17 21
24 63
10 33
0 22
126 259
0 5
44 117
0 23
164 372
1144 2116
70 178
215 476
0 43
56 122
126 262
189 391
60 127
12 33
64 147
42 89
50 113
216 469
38 117
372 806
408 855
42 93
420 898
118 301
4575 7956
1749 3361
1050 1911
704 1453
195 459
144 338
170 326
27 66
100 253
0 53
188 428
190 422
185 410
195 432
0 48
212 483
29 62
32 83
275 603
110 282
210 465
368 786
82 208
147 347
0 48
5293 9465
1768 3469
1258 2142
574 1221
148 376
44 95
585 1034
156 328
10 25
3 12
228 465
336 484
456 817
400 837
0 8
4 17
4 14
4 14
0 5
0 5
248 452
384 706
609 1178
60 153
30 93
30 78
144 277
16 44
264 560
0 46
84 193
25 58
24 57
56 143
26 81
896 1788
192 314
200 404
424 902
0 54
84 175
55 124
117 250
15 36
6 21
141 332
90 229
190 418
378 802
0 56
0 12
16 46
0 10
10 33
0 12
231 410
200 408
348 655
154 322
15 48
1092 2230
426 919
1035 2074
91 276
172 434
1760 3221
1368 2597
1224 2322
144 339
47 144
48 93
12 33
48 105
21 52
0 9
504 1081
2280 4255
198 416
213 500
67 204
1080 2253
70 157
160 339
448 1008
119 363
92 191
312 523
425 834
1176 2367
0 10
1276 1985
552 996
205 360
31 96
81 192
756 1586
380 838
187 394
380 861
88 267
2987 5713
3196 6085
2278 4255
552 1191
196 496
28 69
4 15
0 3
0 9
0 9
2870 5500
3036 5982
3420 6405
1170 2420
0 86
623 1331
4389 7635
516 1121
534 1153
267 626
8 20
10 33
0 3
0 15
0 3
90 193
504 1014
168 353
89 270
12 39
0 4
0 4
0 4
0 4
0 4
92 190
10 25
105 193
100 225
0 26
176 371
912 1752
231 469
400 902
39 94
1400 2487
612 1206
30 96
135 318
0 47
792 1553
960 1867
200 413
208 474
0 52
42 100
84 186
6 17
18 60
0 18
36 79
315 626
77 149
10 28
0 9
190 404
893 1722
160 343
112 238
36 93
4130 6697
2754 4896
2891 4889
594 1239
198 468
322 693
975 1794
240 523
416 879
96 243
1064 2079
27 58
230 429
276 598
48 147
2024 3659
91 192
42 94
220 487
90 228
190 382
408 784
384 750
936 1924
24 63
357 765
12 30
72 159
495 1027
112 286
1550 2938
330 415
1008 1581
108 231
40 103
270 550
468 891
96 183
90 213
0 29
918 1722
840 1409
50 110
117 276
0 38
14 38
16 44
8 27
7 24
0 10
52 111
126 262
150 313
260 575
0 7
675 1209
308 609
65 127
56 143
0 29
182 357
2625 5028
400 827
18 48
0 17
155 318
245 501
108 222
65 138
6 21
66 146
742 1347
96 214
540 1164
50 113
81 174
96 199
54 117
15 36
0 10
12 31
4 16
8 24
3 12
0 5
112 228
77 161
96 198
12 42
0 16
884 1602
30 66
16 39
108 254
0 36
84 183
20 48
133 288
396 891
18 48
64 139
15 36
55 124
48 105
0 13
132 257
16 44
60 125
20 54
0 15
48 107
1081 2154
45 102
366 789
0 60
4080 6520
649 1173
871 1472
284 639
195 458
192 360
75 158
92 189
42 109
21 66
783 1448
112 216
18 48
102 244
0 33
49 111
175 358
136 292
84 177
27 66
189 390
66 137
270 544
448 944
7 24
200 453
7 24
75 163
114 288
49 150
