288 382
288 311
288 343
288 91
288 91
285 845
285 250
285 216
285 436
285 400
14 50
14 49
14 37
14 31
14 31
156 238
156 148
156 63
156 256
156 219
178 289
178 328
178 152
178 268
178 219
201 575
201 202
201 107
201 268
201 292
196 47
196 155
196 47
196 47
196 27
162 213
162 55
162 65
162 215
162 199
97 166
97 136
97 198
97 27
97 28
71 159
71 99
71 81
71 149
71 119
293 358
293 624
293 396
293 395
293 31
289 499
289 302
289 226
289 511
289 395
6 15
6 7
6 15
6 7
6 7
143 384
143 177
143 251
143 211
143 172
32 76
32 101
32 65
32 52
32 43
223 293
223 408
223 338
223 303
223 279
12 52
12 58
12 63
12 31
12 19
189 240
189 193
189 171
189 244
189 220
154 91
154 296
154 124
154 224
154 15
76 121
76 153
76 121
76 133
76 99
111 35
111 129
111 83
111 177
111 139
288 540
288 563
288 249
288 532
288 416
232 366
232 332
232 71
232 359
232 340
248 343
248 257
248 146
248 313
248 275
275 356
275 283
275 107
275 343
275 320
28 15
28 51
28 27
28 52
28 39
187 613
187 466
187 627
187 346
187 263
93 215
93 43
93 124
93 164
93 131
11 33
11 41
11 19
11 31
11 27
3 7
3 12
3 3
3 7
3 7
94 124
94 170
94 87
94 127
94 107
22 57
22 81
22 59
22 23
22 23
30 52
30 61
30 40
30 35
30 43
2 3
2 7
2 3
2 3
2 3
32 60
32 39
32 43
32 35
32 47
224 60
224 215
224 103
224 362
224 311
169 202
169 212
169 238
169 233
169 35
184 59
184 243
184 80
184 23
184 23
274 304
274 51
274 75
274 357
274 323
57 148
57 63
57 40
57 96
57 71
297 370
297 516
297 127
297 435
297 363
83 111
83 117
83 51
83 142
83 111
165 268
165 179
165 124
165 211
165 220
12 36
12 36
12 32
12 27
12 23
258 537
258 483
258 443
258 414
258 415
97 228
97 207
97 185
97 175
97 184
158 271
158 241
158 254
158 231
158 215
188 258
188 67
188 87
188 326
188 263
140 257
140 198
140 96
140 191
140 175
279 155
279 237
279 257
279 47
279 43
278 383
278 163
278 398
278 71
278 47
49 156
49 93
49 92
49 75
49 81
49 60
49 35
49 51
49 80
49 27
52 60
52 59
52 47
52 55
52 44
155 267
155 329
155 137
155 244
155 203
54 188
54 111
54 83
54 103
54 95
142 71
142 329
142 63
142 224
142 183
299 371
299 544
299 107
299 448
299 359
64 139
64 115
64 144
64 88
64 75
280 84
280 231
280 99
280 47
280 39
235 63
235 187
235 117
235 39
235 39
89 40
89 123
89 71
89 31
89 27
142 226
142 176
142 173
142 237
142 216
67 126
67 80
67 108
67 133
67 103
172 316
172 19
172 55
172 323
172 292
189 270
189 324
189 200
189 272
189 239
118 163
118 300
118 180
118 210
118 19
281 730
281 471
281 418
281 399
281 352
73 134
73 192
73 130
73 116
73 111
95 278
95 163
95 27
95 165
95 151
269 47
269 169
269 115
269 31
269 31
32 31
32 35
32 27
32 19
32 11
228 268
228 174
228 99
228 275
228 247
26 61
26 43
26 54
26 49
26 39
118 278
118 128
118 79
118 163
118 148
204 115
204 214
204 192
204 55
204 39
31 55
31 43
31 43
31 65
31 52
33 88
33 89
33 79
33 88
33 67
179 154
179 91
179 148
179 235
179 63
95 182
95 27
95 76
95 171
95 169
96 245
96 265
96 218
96 209
96 195
177 39
177 35
177 59
177 273
177 31
169 256
169 215
169 215
169 273
169 259
10 23
10 27
10 32
10 15
10 11
242 358
242 245
242 356
242 406
242 55
227 52
227 67
227 87
227 320
227 43
235 63
235 111
235 125
235 52
235 31
4 24
4 20
4 24
4 11
4 20
158 374
158 406
158 350
158 272
158 240
32 56
32 53
32 40
32 55
32 59
39 151
39 118
39 135
39 84
39 79
227 67
227 59
227 109
227 334
227 31
241 380
241 272
241 99
241 376
241 355
137 300
137 169
137 282
137 157
137 152
158 414
158 204
158 63
158 237
158 219
32 92
32 78
32 55
32 68
32 68
76 134
76 117
76 59
76 91
76 76
206 128
206 328
206 164
206 284
206 31
30 102
30 100
30 103
30 43
30 35
294 425
294 140
294 148
294 441
294 388
68 23
68 127
68 36
68 100
68 91
231 397
231 308
231 275
231 361
231 376
292 379
292 539
292 143
292 431
292 368
175 385
175 411
175 319
175 307
175 255
297 394
297 370
297 398
297 55
297 59
177 307
177 324
177 261
177 260
177 239
40 101
40 59
40 51
40 73
40 51
244 71
244 260
244 115
244 47
244 48
25 78
25 53
25 74
25 44
25 35
80 226
80 159
80 109
80 119
80 119
77 162
77 109
77 72
77 163
77 123
236 683
236 585
236 558
236 402
236 383
56 140
56 107
56 86
56 67
56 60
250 340
250 334
250 113
250 398
250 355
160 202
160 139
160 191
160 250
160 51
133 370
133 124
133 88
133 191
133 197
293 464
293 452
293 242
293 382
293 339
40 115
40 89
40 88
40 63
40 52
199 116
199 236
199 120
199 319
199 79
179 291
179 136
179 63
179 267
179 267
19 63
19 49
19 62
19 43
19 43
176 461
176 448
176 396
176 271
176 233
101 266
101 200
101 95
101 173
101 144
34 76
34 71
34 69
34 48
34 35
208 298
208 152
208 299
208 296
208 39
33 99
33 75
33 95
33 69
33 51
225 492
225 232
225 287
225 315
225 259
258 395
258 212
258 75
258 407
258 376
238 59
238 203
238 99
238 56
238 35
133 298
133 157
133 162
133 193
133 179
162 274
162 258
162 266
162 23
162 43
83 149
83 35
83 67
83 112
83 108
290 398
290 497
290 96
290 438
290 376
243 383
243 312
243 333
243 397
243 375
37 77
37 80
37 94
37 40
37 47
143 15
143 88
143 67
143 225
143 3
183 324
183 326
183 247
183 302
183 251
191 237
191 227
191 249
191 252
191 239
43 164
43 106
43 146
43 99
43 83
66 200
66 123
66 148
66 133
66 135
196 51
196 148
196 103
196 316
196 35
191 291
191 398
191 320
191 273
191 223
176 246
176 116
176 87
176 35
176 43
147 289
147 281
147 239
147 245
147 228
138 167
138 104
138 71
138 175
138 160
299 379
299 411
299 362
299 75
299 75
20 61
20 65
20 39
20 40
20 31
224 51
224 175
224 105
224 27
224 27
105 15
105 140
105 35
105 107
105 15
271 156
271 226
271 226
271 81
271 55
268 71
268 358
268 107
268 67
268 43
77 186
77 173
77 192
77 80
77 71
193 504
193 233
193 244
193 357
193 291
216 333
216 555
216 355
216 79
216 47
137 197
137 304
137 188
137 195
137 180
118 19
118 132
118 39
118 183
118 31
127 184
127 216
127 203
127 220
127 23
128 31
128 147
128 63
128 15
128 11
93 245
93 202
93 169
93 154
93 115
88 180
88 76
88 107
88 103
88 96
225 327
225 91
225 128
225 343
225 303
37 123
37 92
37 94
37 79
37 43
14 36
14 20
14 27
14 23
14 19
154 479
154 370
154 246
154 283
154 271
296 55
296 31
296 119
296 435
296 15
250 260
250 309
250 263
250 305
250 276
202 292
202 319
202 330
202 276
202 275
86 121
86 81
86 88
86 107
86 103
49 80
49 36
49 28
49 80
49 75
191 536
191 313
191 354
191 292
191 266
112 43
112 198
112 104
112 19
112 15
280 89
280 333
280 115
280 409
280 51
129 161
129 44
129 51
129 171
129 139
136 163
136 216
136 75
136 184
136 143
104 247
104 229
104 162
104 165
104 140
106 300
106 250
106 238
106 192
106 167
102 81
102 233
102 52
102 55
102 47
297 482
297 420
297 493
297 88
297 99
55 153
55 147
55 110
55 100
55 79
236 367
236 501
236 341
236 388
236 351
149 257
149 268
149 212
149 259
149 229
100 150
100 196
100 47
100 139
100 115
193 63
193 256
193 59
193 344
193 299
71 120
71 106
71 106
71 110
71 95
122 369
122 177
122 233
122 185
122 151
191 55
191 334
191 71
191 303
191 39
223 313
223 251
223 144
223 304
223 307
230 316
230 387
230 100
230 292
230 287
278 161
278 187
278 132
278 465
278 83
128 291
128 238
128 63
128 210
128 175
132 35
132 83
132 75
132 27
132 19
158 377
158 298
158 214
158 187
158 200
124 119
124 215
124 105
124 35
124 7
205 438
205 139
205 246
205 324
205 271
114 147
114 223
114 55
114 168
114 172
197 562
197 484
197 526
197 339
197 276
234 387
234 301
234 305
234 375
234 344
30 77
30 78
30 39
30 60
30 47
225 426
225 412
225 351
225 383
225 315
82 132
82 215
82 91
82 48
82 39
135 119
135 213
135 124
135 39
135 35
96 217
96 171
96 164
96 172
96 159
273 742
273 367
273 408
273 465
273 383
235 553
235 323
235 518
235 341
235 267
266 482
266 191
266 112
266 400
266 387
258 389
258 361
258 395
258 112
258 44
291 224
291 261
291 235
291 452
291 63
129 216
129 258
129 200
129 238
129 183
153 223
153 231
153 264
153 232
153 31
93 147
93 170
93 127
93 165
93 147
9 15
9 7
9 15
9 11
9 11
180 314
180 362
180 294
180 265
180 227
107 128
107 148
107 148
107 135
107 123
167 115
167 55
167 83
167 288
167 255
229 31
229 209
229 100
229 35
229 23
36 91
36 73
36 86
36 55
36 51
72 208
72 154
72 150
72 125
72 107
183 351
183 346
183 297
183 280
183 264
263 593
263 558
263 576
263 425
263 336
211 116
211 63
211 67
211 334
211 299
123 155
123 244
123 81
123 27
123 23
9 42
9 15
9 28
9 15
9 15
40 76
40 44
40 31
40 85
40 67
90 87
90 36
90 69
90 167
90 27
244 433
244 264
244 403
244 436
244 80
108 31
108 148
108 39
108 19
108 31
36 115
36 57
36 100
36 64
36 43
230 162
230 91
230 126
230 123
230 107
263 194
263 280
263 240
263 63
263 63
23 71
23 39
23 60
23 44
23 31
280 75
280 219
280 236
280 59
280 31
16 58
16 32
16 33
16 35
16 39
297 726
297 552
297 641
297 466
297 407
132 39
132 188
132 63
132 43
132 15
93 245
93 166
93 68
93 168
93 139
240 234
240 476
240 196
240 399
240 83
151 227
151 47
151 104
151 208
151 205
263 343
263 286
263 119
263 351
263 323
233 360
233 320
233 103
233 375
233 323
200 39
200 67
200 104
200 47
200 15
3 11
3 7
3 7
3 7
3 3
209 341
209 145
209 152
209 293
209 275
8 41
8 41
8 56
8 23
8 28
134 346
134 257
134 205
134 171
134 167
139 51
139 169
139 60
139 196
139 15
6 16
6 11
6 3
6 11
6 15
183 273
183 283
183 167
183 207
183 179
256 368
256 213
256 151
256 43
256 35
117 183
117 136
117 216
117 135
117 19
141 184
141 301
141 211
141 197
141 171
19 71
19 19
19 40
19 31
19 27
142 201
142 99
142 43
142 207
142 31
217 549
217 618
217 512
217 350
217 309
290 433
290 216
290 116
290 488
290 423
205 513
205 382
205 462
205 303
205 287
240 411
240 336
240 426
240 344
240 294
174 515
174 132
174 81
174 302
174 291
89 231
89 79
89 119
89 119
89 119
54 122
54 40
54 59
54 67
54 55
25 39
25 23
25 36
25 31
25 27
25 61
25 83
25 66
25 15
25 19
83 174
83 151
83 88
83 158
83 111
10 28
10 15
10 24
10 15
10 11
242 360
242 176
242 162
242 403
242 287
34 86
34 73
34 78
34 70
34 51
258 501
258 67
258 95
258 448
258 455
69 121
69 105
69 129
69 96
69 23
105 132
105 164
105 103
105 174
105 151
278 336
278 397
278 111
278 391
278 348
3 11
3 3
3 11
3 3
3 3
210 55
210 27
210 83
210 23
210 27
286 366
286 478
286 116
286 376
286 360
215 357
215 394
215 332
215 271
215 247
92 197
92 100
92 94
92 139
92 131
278 440
278 500
278 341
278 375
278 391
86 202
86 89
86 132
86 118
86 99
205 265
205 404
205 255
205 309
205 263
237 406
237 429
237 401
237 355
237 300
141 216
141 264
141 204
141 208
141 207
125 135
125 191
125 56
125 176
125 147
84 87
84 135
84 19
84 113
84 95
78 182
78 103
78 97
78 118
78 107
34 90
34 39
34 56
34 43
34 43
223 64
223 63
223 108
223 43
223 51
121 91
121 125
121 88
121 124
121 31
34 95
34 85
34 118
34 51
34 31
131 171
131 95
131 51
131 192
131 7
42 148
42 60
42 79
42 84
42 75
118 295
118 115
118 56
118 191
118 151
199 99
199 63
199 95
199 271
199 31
18 19
18 31
18 32
18 7
18 3
107 304
107 117
107 219
107 149
107 131
282 355
282 188
282 424
282 91
282 43
237 140
237 55
237 87
237 331
237 87
63 145
63 141
63 83
63 99
63 71
70 116
70 99
70 120
70 129
70 23
140 196
140 112
140 55
140 230
140 208
43 78
43 94
43 55
43 19
43 31
110 182
110 194
110 160
110 164
110 147
61 99
61 89
61 89
61 91
61 87
33 65
33 78
33 69
33 31
33 35
149 201
149 162
149 140
149 217
149 204
55 102
55 86
55 112
55 59
55 55
284 374
284 495
284 339
284 376
284 327
295 132
295 204
295 119
295 429
295 59
40 71
40 71
40 83
40 39
40 7
178 300
178 414
178 299
178 332
178 272
222 92
222 325
222 106
222 60
222 55
271 594
271 312
271 619
271 316
271 287
177 248
177 195
177 275
177 317
177 35
105 189
105 215
105 177
105 151
105 151
35 111
35 89
35 99
35 53
35 35
249 379
249 448
249 75
249 425
249 363
68 184
68 112
68 122
68 130
68 119
98 51
98 109
98 108
98 155
98 147
74 174
74 99
74 134
74 144
74 111
19 24
19 47
19 19
19 23
19 19
75 151
75 164
75 72
75 133
75 127
35 49
35 64
35 27
35 39
35 35
234 551
234 309
234 296
234 360
234 300
131 217
131 233
131 113
131 173
131 171
15 28
15 24
15 15
15 27
15 28
270 346
270 364
270 371
270 67
270 51
250 647
250 350
250 372
250 382
250 333
166 59
166 111
166 63
166 47
166 43
136 56
136 116
136 49
136 187
136 35
66 88
66 135
66 97
66 75
66 71
284 84
284 191
284 88
284 440
284 31
199 55
199 55
199 108
199 311
199 35
66 210
66 149
66 111
66 129
66 120
204 31
204 281
204 55
204 350
204 39
224 319
224 289
224 112
224 355
224 303
181 55
181 172
181 71
181 273
181 27
196 430
196 281
196 333
196 331
196 311
241 393
241 188
241 217
241 385
241 324
286 369
286 339
286 95
286 445
286 396
151 255
151 294
151 152
151 230
151 179
48 71
48 120
48 107
48 88
48 11
163 212
163 266
163 232
163 83
163 55
279 405
279 357
279 319
279 427
279 392
281 506
281 472
281 491
281 412
281 359
76 187
76 67
76 111
76 129
76 91
277 363
277 352
277 371
277 67
277 35
175 485
175 384
175 463
175 292
175 264
206 59
206 35
206 79
206 39
206 35
268 368
268 317
268 92
268 385
268 355
83 265
83 129
83 194
83 145
83 123
289 410
289 87
289 111
289 408
289 393
93 35
93 19
93 39
93 172
93 23
234 544
234 365
234 368
234 317
234 268
2 11
2 7
2 7
2 3
2 7
29 55
29 89
29 64
29 48
29 39
156 435
156 393
156 275
156 245
156 211
189 331
189 330
189 183
189 232
189 235
133 340
133 327
133 182
133 231
133 219
112 72
112 222
112 47
112 63
112 43
93 149
93 160
93 105
93 152
93 131
130 209
130 248
130 130
130 181
130 147
233 392
233 67
233 329
233 67
233 99
245 510
245 166
245 295
245 377
245 339
222 609
222 383
222 164
222 345
222 291
114 244
114 59
114 108
114 189
114 175
289 767
289 265
289 404
289 419
289 403
155 96
155 127
155 108
155 245
155 23
264 156
264 215
264 202
264 363
264 27
108 84
108 35
108 105
108 173
108 155
186 301
186 335
186 250
186 304
186 255
79 184
79 134
79 93
79 111
79 96
231 214
231 198
231 214
231 91
231 87
141 246
141 59
141 108
141 252
141 207
36 107
36 102
36 89
36 65
36 51
170 75
170 297
170 139
170 256
170 71
65 130
65 59
65 61
65 116
65 95
186 282
186 310
186 86
186 307
186 240
7 51
7 37
7 41
7 27
7 27
160 370
160 245
160 255
160 228
160 217
175 88
175 142
175 97
175 51
175 35
10 40
10 24
10 24
10 36
10 23
135 238
135 260
135 117
135 179
135 147
251 168
251 407
251 274
251 67
251 35
120 169
120 95
120 47
120 175
120 159
2 12
2 7
2 7
2 7
2 7
9 19
9 28
9 27
9 7
9 7
284 791
284 677
284 712
284 457
284 379
106 160
106 180
106 35
106 173
106 147
50 131
50 79
50 97
50 55
50 59
272 91
272 187
272 131
272 375
272 43
225 264
225 297
225 260
225 294
225 265
167 264
167 147
167 71
167 279
167 273
113 59
113 197
113 105
113 184
113 19
38 113
38 88
38 121
38 43
38 43
193 384
193 300
193 356
193 332
193 63
3 11
3 7
3 11
3 7
3 7
292 372
292 361
292 112
292 428
292 396
82 165
82 149
82 137
82 143
82 151
11 32
11 32
11 23
11 28
11 15
270 426
270 396
270 381
270 361
270 331
271 356
271 75
271 103
271 376
271 355
238 398
238 236
238 171
238 374
238 323
107 163
107 148
107 124
107 167
107 160
178 275
178 190
178 279
178 71
178 55
42 138
42 31
42 85
42 75
42 76
18 56
18 61
18 51
18 27
18 31
57 63
57 116
57 67
57 91
57 83
129 189
129 96
129 67
129 172
129 155
78 187
78 130
78 171
78 144
78 128
95 59
95 97
95 85
95 153
95 28
62 197
62 79
62 47
62 123
62 115
271 127
271 51
271 92
271 59
271 95
124 198
124 161
124 67
124 211
124 171
146 104
146 245
146 136
146 199
146 23
292 119
292 175
292 107
292 67
292 71
111 152
111 177
111 178
111 43
111 7
249 344
249 188
249 345
249 91
249 55
249 92
249 55
249 55
249 47
249 39
199 72
199 27
199 83
199 71
199 35
175 133
175 240
175 105
175 56
175 31
184 229
184 213
184 187
184 55
184 55
48 111
48 52
48 74
48 80
48 63
142 165
142 190
142 177
142 188
142 39
46 115
46 63
46 80
46 44
46 39
279 76
279 95
279 99
279 56
279 43
77 141
77 144
77 108
77 121
77 116
22 65
22 39
22 61
22 27
22 27
71 174
71 67
71 69
71 114
71 75
193 284
193 160
193 88
193 319
193 279
49 160
49 119
49 117
49 68
49 75
150 193
150 104
150 47
150 35
150 39
159 195
159 315
159 117
159 271
159 232
79 200
79 84
79 116
79 103
79 99
44 111
44 64
44 55
44 75
44 63
250 312
250 513
250 315
250 324
250 291
229 208
229 225
229 226
229 43
229 67
211 282
211 359
211 91
211 329
211 280
252 312
252 179
252 308
252 120
252 39
38 73
38 80
38 88
38 87
38 51
281 436
281 397
281 342
281 503
281 416
62 105
62 47
62 51
62 106
62 79
277 369
277 213
277 112
277 466
277 51
184 213
184 55
184 232
184 27
184 23
37 82
37 110
37 86
37 51
37 55
37 113
37 83
37 103
37 80
37 71
56 163
56 167
56 160
56 80
56 63
299 166
299 509
299 239
299 417
299 35
233 550
233 419
233 459
233 347
233 289
181 257
181 439
181 230
181 79
181 31
2 11
2 11
2 11
2 7
2 7
25 39
25 49
25 48
25 39
25 27
208 517
208 541
208 297
208 357
208 275
241 394
241 333
241 272
241 374
241 364
166 478
166 262
166 224
166 313
166 291
7 7
7 7
7 7
7 11
7 7
264 172
264 336
264 128
264 369
264 124
286 153
286 76
286 87
286 75
286 119
278 100
278 331
278 127
278 63
278 55
291 677
291 754
291 694
291 428
291 360
7 33
7 28
7 33
7 20
7 15
268 466
268 332
268 113
268 437
268 439
235 312
235 564
235 304
235 67
235 43
40 56
40 49
40 23
40 71
40 63
291 382
291 398
291 382
291 55
291 67
161 237
161 174
161 263
161 220
161 192
144 91
144 178
144 67
144 48
144 59
194 291
194 47
194 100
194 312
194 271
155 282
155 84
155 78
155 268
155 244
42 129
42 56
42 107
42 59
42 63
130 212
130 168
130 153
130 221
130 209
73 224
73 138
73 180
73 150
73 119
136 88
136 99
136 116
136 202
136 31
176 340
176 135
176 156
176 253
176 247
74 112
74 89
74 60
74 76
74 75
124 155
124 214
124 172
124 183
124 163
230 448
230 472
230 152
230 425
230 327
158 247
158 149
158 67
158 263
158 227
212 83
212 238
212 116
212 325
212 31
149 124
149 132
149 128
149 248
149 31
255 191
255 185
255 209
255 47
255 63
1 7
1 3
1 3
1 7
1 7
221 59
221 482
221 87
221 67
221 39
177 268
177 294
177 153
177 279
177 191
182 303
182 145
182 76
182 290
182 55
11 33
11 50
11 38
11 36
11 23
150 252
150 393
150 271
150 60
150 31
106 183
106 87
106 183
106 43
106 39
250 608
250 579
250 368
250 360
250 292
211 80
211 312
211 88
211 321
211 31
209 287
209 241
209 297
209 321
209 19
39 47
39 65
39 27
39 71
39 71
240 75
240 209
240 109
240 35
240 47
62 165
62 133
62 39
62 103
62 108
149 375
149 418
149 342
149 232
149 199
91 154
91 67
91 75
91 146
91 119
152 262
152 301
152 209
152 252
152 235
232 346
232 407
232 103
232 360
232 340
239 99
239 164
239 100
239 19
239 35
124 277
124 240
124 95
124 196
124 135
106 219
106 207
106 215
106 167
106 139
162 191
162 219
162 227
162 232
162 23
106 165
106 174
106 47
106 176
106 151
219 310
219 308
219 340
219 322
219 304
138 19
138 39
138 39
138 233
138 19
49 158
49 122
49 152
49 43
49 35
51 144
51 130
51 96
51 101
51 75
131 47
131 92
131 60
131 19
131 19
254 342
254 425
254 254
254 409
254 339
194 39
194 132
194 77
194 296
194 15
162 382
162 148
162 84
162 257
162 223
230 412
230 181
230 169
230 328
230 316
267 494
267 526
267 247
267 459
267 401
174 243
174 67
174 83
174 240
174 224
61 158
61 52
61 35
61 88
61 75
83 117
83 51
83 49
83 111
83 121
127 96
127 299
127 95
127 212
127 196
282 423
282 512
282 340
282 432
282 415
91 116
91 160
91 116
91 157
91 120
62 19
62 43
62 23
62 19
62 11
167 228
167 263
167 251
167 39
167 44
185 31
185 75
185 99
185 51
185 31
173 52
173 115
173 59
173 243
173 27
109 234
109 61
109 75
109 171
109 184
2 3
2 3
2 3
2 3
2 3
55 93
55 93
55 85
55 99
55 79
157 494
157 246
157 279
157 314
157 251
87 163
87 88
87 147
87 141
87 39
18 32
18 41
18 19
18 39
18 36
75 219
75 189
75 104
75 115
75 120
197 246
197 47
197 75
197 318
197 239
270 736
270 540
270 402
270 382
270 364
190 263
190 242
190 92
190 281
190 235
281 183
281 259
281 278
281 55
281 19
282 79
282 297
282 139
282 383
282 43
36 65
36 64
36 68
36 48
36 31
236 569
236 533
236 334
236 372
236 316
6 28
6 19
6 20
6 19
6 19
83 208
83 71
83 28
83 99
83 83
120 200
120 100
120 76
120 215
120 147
72 89
72 79
72 69
72 100
72 67
118 147
118 51
118 63
118 173
118 144
124 39
124 159
124 59
124 168
124 156
256 334
256 289
256 309
256 100
256 63
219 59
219 115
219 103
219 31
219 19
80 182
80 156
80 69
80 141
80 156
179 55
179 139
179 71
179 47
179 31
80 185
80 84
80 19
80 142
80 128
126 250
126 113
126 247
126 210
126 27
45 130
45 84
45 68
45 85
45 71
56 145
56 23
56 19
56 107
56 91
131 214
131 83
131 91
131 191
131 155
12 36
12 41
12 53
12 23
12 15
220 362
220 189
220 141
220 346
220 295
207 317
207 108
207 137
207 314
207 251
60 125
60 137
60 98
60 109
60 95
111 193
111 101
111 60
111 43
111 51
10 36
10 28
10 31
10 23
10 19
146 187
146 115
146 78
146 199
146 179
107 246
107 108
107 125
107 189
107 155
35 85
35 60
35 60
35 60
35 55
273 382
273 556
273 151
273 416
273 379
85 23
85 27
85 19
85 164
85 39
189 458
189 308
189 64
189 340
189 247
197 353
197 392
197 151
197 327
197 271
46 84
46 115
46 115
46 76
46 67
247 160
247 176
247 176
247 357
247 23
234 335
234 300
234 309
234 59
234 47
35 125
35 85
35 99
35 88
35 83
60 136
60 128
60 127
60 103
60 95
220 321
220 43
220 92
220 317
220 300
212 349
212 269
212 288
212 375
212 336
162 412
162 168
162 245
162 268
162 236
5 23
5 28
5 23
5 20
5 15
191 328
191 338
191 277
191 329
191 63
129 354
129 87
129 175
129 192
129 180
55 110
55 91
55 93
55 88
55 67
24 57
24 44
24 50
24 47
24 43
185 63
185 59
185 83
185 43
185 47
108 268
108 194
108 252
108 143
108 123
281 190
281 262
281 236
281 47
281 27
106 182
106 55
106 69
106 172
106 156
13 23
13 32
13 27
13 19
13 15
217 287
217 363
217 112
217 300
217 247
141 218
141 100
141 83
141 201
141 197
286 592
286 495
286 479
286 515
286 475
14 59
14 49
14 62
14 23
14 23
134 211
134 240
134 156
134 164
134 139
91 137
91 47
91 115
91 140
91 127
54 202
54 153
54 166
54 91
54 83
298 957
298 765
298 743
298 490
298 448
293 163
293 255
293 237
293 48
293 51
70 251
70 63
70 40
70 147
70 139
116 347
116 72
116 228
116 176
116 167
298 96
298 356
298 111
298 475
298 427
293 187
293 260
293 217
293 52
293 43
119 181
119 178
119 60
119 206
119 160
73 193
73 74
73 39
73 111
73 115
280 317
280 71
280 395
280 31
280 19
51 148
51 128
51 126
51 91
51 91
165 232
165 227
165 231
165 51
165 19
68 210
68 179
68 127
68 120
68 99
224 300
224 437
224 247
224 386
224 331
101 140
101 96
101 43
101 150
101 127
115 152
115 227
115 35
115 163
115 151
170 47
170 143
170 51
170 253
170 35
133 189
133 140
133 198
133 188
133 27
211 360
211 384
211 348
211 360
211 288
162 432
162 436
162 331
162 263
162 207
53 162
53 104
53 137
53 85
53 71
89 230
89 92
89 149
89 109
89 87
222 626
222 376
222 194
222 321
222 279
31 110
31 82
31 91
31 53
31 51
251 636
251 420
251 374
251 370
251 321
159 340
159 148
159 234
159 202
159 171
58 150
58 35
58 79
58 109
58 79
128 352
128 79
128 75
128 228
128 199
140 234
140 100
140 111
140 254
140 208
283 494
283 236
283 195
283 448
283 388
157 83
157 133
157 80
157 43
157 55
76 99
76 141
76 83
76 132
76 107
89 265
89 199
89 251
89 172
89 143
52 99
52 71
52 47
52 80
52 67
57 116
57 110
57 64
57 84
57 83
117 330
117 181
117 211
117 213
117 169
190 111
190 116
190 149
190 23
190 23
128 55
128 226
128 144
128 164
128 15
152 39
152 59
152 47
152 27
152 19
6 19
6 15
6 19
6 11
6 11
177 231
177 281
177 184
177 272
177 215
64 213
64 143
64 182
64 99
64 115
283 347
283 344
283 353
283 411
283 71
141 223
141 249
141 116
141 204
141 175
96 177
96 80
96 59
96 156
96 151
166 83
166 67
166 140
166 35
166 35
84 136
84 126
84 164
84 132
84 119
287 482
287 393
287 96
287 515
287 480
10 46
10 28
10 32
10 23
10 27
234 404
234 472
234 336
234 400
234 335
149 246
149 138
149 83
149 223
149 192
267 119
267 250
267 107
267 59
267 43
98 55
98 198
98 43
98 176
98 156
201 120
201 181
201 145
201 305
201 43
3 15
3 25
3 15
3 11
3 11
16 53
16 40
16 43
16 44
16 35
284 416
284 108
284 131
284 387
284 380
293 422
293 343
293 162
293 397
293 367
298 435
298 83
298 112
298 429
298 391
75 188
75 119
75 100
75 121
75 107
62 195
62 91
62 121
62 118
62 91
116 269
116 187
116 261
116 152
116 152
213 55
213 400
213 63
213 59
213 39
11 31
11 38
11 41
11 7
11 11
128 203
128 134
128 107
128 195
128 147
44 140
44 127
44 153
44 59
44 64
276 35
276 276
276 99
276 360
276 39
274 677
274 213
274 349
274 377
274 377
214 290
214 395
214 233
214 326
214 300
164 39
164 23
164 63
164 19
164 19
143 197
143 179
143 60
143 245
143 192
259 314
259 184
259 383
259 59
259 47
2 12
2 7
2 7
2 7
2 7
35 77
35 44
35 55
35 47
35 39
265 188
265 283
265 248
265 99
265 43
164 227
164 47
164 91
164 56
164 43
169 467
169 359
169 319
169 277
169 255
209 531
209 135
209 297
209 367
209 300
45 128
45 139
45 71
45 114
45 79
11 45
11 31
11 54
11 23
11 19
59 88
59 87
59 62
59 84
59 67
124 116
124 224
124 120
124 239
124 67
158 27
158 51
158 59
158 39
158 35
102 59
102 63
102 39
102 188
102 192
48 123
48 67
48 63
48 88
48 67
253 83
253 132
253 133
253 47
253 47
26 57
26 53
26 45
26 52
26 43
224 348
224 79
224 107
224 345
224 303
36 65
36 77
36 68
36 57
36 43
287 125
287 87
287 150
287 39
287 55
145 63
145 263
145 141
145 40
145 15
170 227
170 478
170 256
170 47
170 23
285 698
285 501
285 681
285 424
285 363
256 304
256 292
256 124
256 361
256 312
253 96
253 159
253 104
253 43
253 43
293 519
293 670
293 422
293 502
293 484
110 268
110 168
110 143
110 172
110 151
115 196
115 199
115 212
115 156
115 139
129 59
129 203
129 77
129 59
129 31
80 55
80 91
80 72
80 137
80 15
10 19
10 16
10 19
10 19
10 15
264 444
264 415
264 397
264 59
264 95
121 31
121 104
121 59
121 11
121 27
7 19
7 20
7 11
7 19
7 19
33 121
33 72
33 91
33 59
33 63
297 445
297 392
297 447
297 47
297 55
90 170
90 268
90 158
90 144
90 103
282 107
282 135
282 115
282 67
282 31
237 304
237 209
237 331
237 439
237 39
84 157
84 128
84 92
84 112
84 87
50 146
50 72
50 56
50 76
50 55
194 293
194 67
194 63
194 288
194 275
30 78
30 65
30 56
30 47
30 43
112 131
112 224
112 129
112 39
112 23
59 116
59 101
59 111
59 117
59 101
208 63
208 35
208 112
208 291
208 47
252 432
252 498
252 379
252 407
252 336
193 100
193 160
193 144
193 251
193 15
265 397
265 427
265 462
265 430
265 63
265 761
265 632
265 690
265 438
265 397
190 343
190 59
190 95
190 291
190 275
187 55
187 63
187 61
187 39
187 43
172 115
172 85
172 183
172 35
172 23
196 64
196 43
196 84
196 353
196 31
251 67
251 88
251 103
251 334
251 291
90 205
90 70
90 55
90 111
90 83
50 158
50 120
50 106
50 96
50 92
127 148
127 246
127 113
127 164
127 19
1 7
1 7
1 7
1 7
1 7
105 275
105 199
105 162
105 159
105 155
144 31
144 171
144 55
144 171
144 19
14 40
14 31
14 44
14 15
14 11
14 40
14 58
14 19
14 27
14 27
27 101
27 31
27 47
27 59
27 63
148 273
148 296
148 201
148 245
148 239
259 96
259 230
259 131
259 385
259 344
94 165
94 67
94 129
94 139
94 107
78 190
78 130
78 31
78 95
78 91
118 161
118 92
118 63
118 167
118 135
299 825
299 733
299 726
299 464
299 389
48 64
48 80
48 100
48 88
48 75
277 140
277 359
277 95
277 425
277 107
234 59
234 55
234 91
234 11
234 15
170 217
170 211
170 196
170 261
170 231
268 311
268 499
268 301
268 320
268 295
51 83
51 71
51 55
51 90
51 71
156 390
156 303
156 171
156 206
156 176
38 138
38 89
38 95
38 68
38 63
63 103
63 56
63 88
63 134
63 99
78 67
78 173
78 121
78 99
78 80
130 329
130 115
130 186
130 208
130 196
275 168
275 95
275 147
275 444
275 103
33 105
33 104
33 80
33 76
33 75
293 151
293 241
293 156
293 59
293 72
34 56
34 69
34 57
34 59
34 47
241 428
241 429
241 103
241 400
241 383
268 385
268 542
268 376
268 441
268 392
43 72
43 81
43 65
43 65
43 43
154 205
154 159
154 153
154 191
154 183
300 303
300 223
300 332
300 95
300 87
20 78
20 53
20 49
20 43
20 51
266 193
266 253
266 259
266 438
266 68
285 413
285 588
285 390
285 424
285 391
101 115
101 148
101 111
101 148
101 119
273 486
273 512
273 205
273 467
273 399
282 172
282 186
282 103
282 64
282 91
229 300
229 168
229 80
229 365
229 275
37 52
37 68
37 64
37 51
37 47
132 354
132 63
132 63
132 218
132 191
71 173
71 178
71 100
71 103
71 95
141 227
141 43
141 104
141 187
141 175
177 185
177 171
177 223
177 250
177 191
280 369
280 103
280 125
280 352
280 348
4 11
4 11
4 11
4 11
4 11
147 35
147 140
147 79
147 221
147 23
152 284
152 329
152 136
152 251
152 223
235 409
235 123
235 110
235 337
235 315
79 144
79 91
79 35
79 152
79 149
5 16
5 15
5 20
5 15
5 11
34 99
34 35
34 43
34 59
34 51
251 595
251 397
251 449
251 349
251 316
117 149
117 199
117 147
117 135
117 123
242 63
242 63
242 99
242 27
242 35
25 61
25 45
25 51
25 31
25 23
252 388
252 310
252 286
252 373
252 339
248 96
248 196
248 107
248 59
248 71
27 57
27 55
27 43
27 40
27 35
202 286
202 239
202 292
202 310
202 39
66 106
66 80
66 67
66 106
66 83
151 208
151 300
151 220
151 292
151 19
300 716
300 313
300 387
300 472
300 391
299 408
299 596
299 383
299 439
299 401
268 103
268 352
268 131
268 436
268 23
248 287
248 290
248 273
248 391
248 59
84 202
84 113
84 117
84 135
84 120
43 82
43 86
43 68
43 74
43 47
19 70
19 35
19 53
19 40
19 31
254 395
254 63
254 359
254 68
254 79
92 39
92 119
92 116
92 15
92 19
44 142
44 82
44 106
44 63
44 71
283 367
283 341
283 346
283 107
283 51
206 545
206 504
206 486
206 304
206 283
127 43
127 83
127 68
127 39
127 19
130 211
130 236
130 120
130 179
130 159
248 140
248 470
248 418
248 87
248 19
281 719
281 553
281 680
281 392
281 359
10 32
10 11
10 15
10 7
10 3
46 64
46 72
46 55
46 72
46 63
220 383
220 304
220 346
220 91
220 71
82 156
82 35
82 52
82 39
82 43
155 343
155 327
155 211
155 216
155 183
127 309
127 141
127 136
127 164
127 163
18 76
18 37
18 45
18 48
18 43
244 182
244 221
244 221
244 93
244 51
281 429
281 458
281 140
281 469
281 387
276 362
276 43
276 155
276 71
276 39
79 148
79 138
79 60
79 128
79 119
280 435
280 473
280 360
280 443
280 331
271 159
271 191
271 188
271 393
271 43
255 304
255 227
255 371
255 107
255 35
248 412
248 240
248 71
248 361
248 360
273 474
273 243
273 200
273 442
273 347
159 91
159 124
159 103
159 55
159 20
162 236
162 48
162 51
162 244
162 227
272 188
272 256
272 199
272 121
272 63
137 196
137 95
137 35
137 217
137 195
228 194
228 180
228 148
228 382
228 87
44 32
44 78
44 39
44 100
44 75
247 47
247 75
247 75
247 320
247 43
196 438
196 445
196 433
196 256
196 227
182 217
182 374
182 217
182 257
182 215
191 269
191 320
191 84
191 260
191 248
192 326
192 136
192 144
192 253
192 251
81 253
81 239
81 190
81 140
81 115
195 239
195 337
195 119
195 271
195 223
272 380
272 549
272 268
272 439
272 393
267 660
267 510
267 620
267 425
267 332
45 218
45 140
45 124
45 108
45 100
155 71
155 47
155 83
155 40
155 35
190 416
190 431
190 233
190 272
190 245
300 171
300 131
300 115
300 100
300 91
6 15
6 19
6 11
6 15
6 15
46 146
46 124
46 124
46 75
46 79
264 83
264 221
264 141
264 35
264 39
60 195
60 177
60 164
60 110
60 87
211 300
211 375
211 91
211 295
211 280
283 155
283 248
283 244
283 47
283 39
158 51
158 168
158 67
158 75
158 35
125 179
125 43
125 35
125 184
125 175
290 370
290 211
290 127
290 373
290 328
89 188
89 105
89 113
89 113
89 91
25 24
25 69
25 53
25 55
25 11
237 51
237 367
237 133
237 52
237 27
92 254
92 107
92 136
92 151
92 139
223 160
223 191
223 172
223 275
223 48
19 48
19 47
19 35
19 44
19 35
203 79
203 171
203 71
203 343
203 59
295 571
295 235
295 253
295 466
295 443
271 342
271 321
271 387
271 399
271 384
295 409
295 290
295 446
295 413
295 59
45 124
45 89
45 94
45 55
45 43
4 11
4 3
4 16
4 3
4 3
148 415
148 27
148 91
148 227
148 219
2 7
2 7
2 7
2 7
2 7
248 316
248 200
248 134
248 346
248 291
54 136
54 52
54 81
54 60
54 76
284 67
284 232
284 148
284 366
284 299
270 670
270 508
270 639
270 403
270 343
219 160
219 201
219 229
219 313
219 39
217 297
217 416
217 261
217 328
217 275
225 342
225 259
225 349
225 354
225 59
142 293
142 120
142 273
142 229
142 71
238 79
238 91
238 92
238 316
238 55
283 182
283 266
283 237
283 59
283 35
91 145
91 201
91 152
91 136
91 131
264 97
264 79
264 67
264 87
264 67
217 557
217 334
217 494
217 341
217 295
39 64
39 90
39 61
39 67
39 15
214 533
214 263
214 275
214 338
214 292
53 162
53 105
53 107
53 103
53 83
79 123
79 145
79 131
79 119
79 99
65 217
65 114
65 104
65 111
65 111
252 318
252 464
252 135
252 279
252 271
165 265
165 291
165 252
165 309
165 215
141 339
141 197
141 173
141 255
141 229
233 297
233 256
233 115
233 376
233 303
230 309
230 271
230 255
230 354
230 311
181 285
181 164
181 127
181 251
181 239
131 181
131 103
131 55
131 195
131 163
259 67
259 214
259 105
259 391
259 35
147 71
147 51
147 72
147 211
147 23
220 301
220 259
220 115
220 335
220 287
156 494
156 361
156 426
156 230
156 219
185 333
185 347
185 302
185 280
185 268
147 43
147 112
147 63
147 27
147 27
160 409
160 64
160 67
160 243
160 220
179 60
179 31
179 76
179 31
179 23
31 114
31 99
31 96
31 52
31 55
244 75
244 242
244 104
244 341
244 43
20 66
20 23
20 11
20 39
20 36
300 84
300 87
300 119
300 407
300 47
47 77
47 71
47 76
47 113
47 19
159 251
159 228
159 229
159 31
159 47
168 210
168 191
168 208
168 219
168 187
277 80
277 71
277 127
277 75
277 35
67 141
67 96
67 80
67 91
67 91
103 156
103 117
103 97
103 115
103 107
211 123
211 222
211 190
211 51
211 27
283 358
283 492
283 370
283 355
283 323
42 55
42 96
42 72
42 20
42 11
41 90
41 27
41 80
41 72
41 59
196 431
196 282
196 244
196 305
196 259
143 63
143 167
143 63
143 207
143 171
64 127
64 118
64 105
64 117
64 99
245 147
245 139
245 187
245 381
245 27
289 433
289 196
289 140
289 395
289 343
148 83
148 146
148 148
148 192
148 27
288 369
288 359
288 367
288 380
288 343
6 24
6 20
6 15
6 19
6 19
199 107
199 180
199 143
199 71
199 31
260 373
260 487
260 137
260 435
260 343
11 35
11 23
11 15
11 23
11 23
57 95
57 84
57 60
57 101
57 87
297 446
297 528
297 149
297 457
297 428
156 197
156 47
156 63
156 203
156 183
89 173
89 60
89 170
89 160
89 139
124 201
124 228
124 195
124 201
124 151
60 119
60 129
60 106
60 103
60 100
288 68
288 217
288 116
288 360
288 43
113 246
113 119
113 199
113 139
113 128
205 229
205 171
205 100
205 246
205 220
207 335
207 335
207 204
207 330
207 323
209 63
209 128
209 59
209 332
209 35
266 390
266 342
266 290
266 449
266 401
167 243
167 329
167 83
167 228
167 219
54 75
54 51
54 27
54 76
54 71
22 66
22 36
22 35
22 40
22 27
271 424
271 155
271 111
271 415
271 407
295 436
295 103
295 172
295 408
295 392
51 109
51 80
51 39
51 83
51 83
58 76
58 124
58 35
58 97
58 68
29 121
29 31
29 76
29 59
29 47
56 79
56 105
56 11
56 101
56 83
137 183
137 292
137 151
137 197
137 163
299 63
299 103
299 124
299 79
299 35
119 83
119 95
119 63
119 173
119 159
176 276
176 242
176 55
176 272
176 248
188 567
188 354
188 363
188 305
188 276
143 208
143 112
143 51
143 211
143 203
112 209
112 176
112 175
112 179
112 183
148 232
148 123
148 75
148 244
148 233
158 191
158 222
158 175
158 212
158 183
276 608
276 351
276 373
276 361
276 308
190 63
190 223
190 103
190 31
190 19
146 179
146 208
146 205
146 237
146 23
5 21
5 20
5 20
5 11
5 11
91 162
91 168
91 207
91 131
91 127
115 71
115 109
115 44
115 206
115 175
92 104
92 43
92 43
92 123
92 111
132 298
132 134
132 124
132 249
132 207
207 80
207 67
207 91
207 35
207 31
160 203
160 192
160 176
160 250
160 215
21 39
21 44
21 31
21 47
21 39
234 133
234 183
234 169
234 103
234 67
246 396
246 312
246 345
246 371
246 356
144 351
144 307
144 290
144 207
144 195
29 61
29 35
29 59
29 43
29 27
240 321
240 407
240 128
240 299
240 275
286 525
286 79
286 107
286 470
286 484
230 111
230 193
230 173
230 401
230 31
100 310
100 196
100 189
100 131
100 123
297 378
297 328
297 115
297 400
297 359
271 544
271 473
271 418
271 397
271 404
17 50
17 24
17 23
17 27
17 27
282 480
282 510
282 499
282 418
282 335
300 388
300 560
300 373
300 384
300 371
22 39
22 47
22 27
22 51
22 3
273 79
273 220
273 107
273 363
273 55
1 7
1 7
1 7
1 7
1 7
62 112
62 31
62 108
62 105
62 95
293 111
293 296
293 132
293 420
293 67
129 315
129 216
129 128
129 195
129 179
154 259
154 267
154 123
154 228
154 199
49 72
49 84
49 23
49 80
49 63
86 55
86 151
86 76
86 31
86 27
277 121
277 269
277 115
277 92
277 83
172 547
172 436
172 456
172 307
172 280
169 215
169 269
169 187
169 245
169 203
142 309
142 115
142 137
142 214
142 199
143 375
143 83
143 55
143 199
143 191
211 120
211 188
211 164
211 368
211 59
190 236
190 31
190 75
190 262
190 236
204 357
204 290
204 305
204 87
204 91
96 153
96 185
96 85
96 135
96 107
102 252
102 252
102 64
102 173
102 143
20 39
20 44
20 39
20 35
20 31
154 71
154 103
154 103
154 233
154 19
86 218
86 149
86 76
86 123
86 107
262 112
262 455
262 168
262 47
262 59
263 147
263 220
263 159
263 75
263 31
297 71
297 275
297 92
297 390
297 63
192 75
192 115
192 63
192 35
192 31
8 32
8 20
8 28
8 19
8 11
37 94
37 76
37 86
37 56
37 55
90 254
90 55
90 35
90 160
90 135
277 79
277 39
277 107
277 416
277 47
187 67
187 35
187 67
187 59
187 43
24 101
24 44
24 69
24 52
24 51
181 59
181 287
181 59
181 272
181 231
205 538
205 286
205 327
205 306
205 275
53 132
53 83
53 113
53 96
53 91
100 233
100 92
100 47
100 152
100 123
248 60
248 163
248 103
248 83
248 51
195 123
195 143
195 152
195 260
195 35
179 219
179 35
179 84
179 239
179 203
