2
28
94 95 86 87
10 13 8 55
14 51 6 82
51 99 82 89
64 73 45 81
51 76 34 69
43 66 22 86
24 99 72 97
53 60 48 70
1 37 7 81
76 93 56 65
23 68 45 79
13 87 95 100
67 81 74 97
47 85 76 97
57 99 25 92
40 41 69 90
90 91 64 84
31 41 42 81
58 99 25 28
97 99 20 94
4 35 2 5
57 87 36 88
98 100 61 86
61 88 58 83
47 63 37 60
70 94 31 77
20 24 31 93
27
49 88 55 95
97 99 65 80
26 42 88 91
1 69 70 89
25 40 3 67
90 98 53 83
9 75 70 84
30 95 23 100
24 41 83 94
58 89 12 22
97 98 33 72
26 77 24 55
17 44 64 81
46 71 27 71
10 27 50 87
34 43 46 84
34 67 35 87
35 63 83 99
78 100 18 90
86 92 28 59
41 67 72 100
16 22 6 71
99 100 62 86
37 85 81 86
92 94 98 100
59 70 66 85
76 86 55 81
